setting: replacespawns 1
setting: replaceweapons 0
ttt_playerspawn 88.2555 -362.663 -619.969 0 -81.936 0
ttt_random_weapon 1103.79 -336.326 -647.969 -3.95874 -13.9307 -0
ttt_random_weapon 1111.86 -1066.58 -647.969 -4.59778 -30.9869 0
ttt_random_ammo 1255.3 -183.532 -375.969 0 -179.116 0
ttt_random_ammo 1142.7 -173.869 -375.969 0 -173.024 0
ttt_random_ammo 1040 -181.938 -375.969 0 -177.017 -0
ttt_random_weapon 943.814 -187.9 -375.969 -3.14575 -177.512 -0
ttt_random_ammo 559.864 -189.301 -263.969 0 -178.863 -0
ttt_random_weapon 480.905 -191.408 -263.969 -3.03589 -179.363 -0
ttt_random_ammo 421.951 -192.313 -263.969 0 -179.363 -0
ttt_random_weapon 310.199 -193.669 -263.969 -3.03589 -179.297 0
ttt_random_weapon -307.089 -387.853 -263.969 -3.1897 -94.1418 -0
ttt_random_ammo -305.972 -442.535 -263.969 0 -82.9358 0
ttt_random_weapon -226.051 -547.052 -263.969 -1.60583 20.462 0
ttt_random_ammo -122.827 -540.631 -263.969 0 14.436 0
ttt_random_weapon -535.107 -787.202 -175.969 -5.0592 99.7119 -0
ttt_random_weapon -342.393 -471.837 -135.969 -7.10449 66.0114 0
ttt_random_weapon 78.1274 -66.2023 -135.969 -7.63367 79.53 -0
ttt_random_weapon 362.21 15.8196 -135.969 -11.4606 11.1017 0
ttt_random_ammo 273.852 -155.752 -135.969 0 -43.4949 -0
ttt_random_ammo 367.483 -170.272 -135.969 0 -8.77258 -0
ttt_random_ammo 640.671 -192.49 -135.969 0 -8.39355 -0
ttt_random_ammo 985.377 -474.906 -135.969 0 -70.9991 0
ttt_random_weapon 1307.36 -1058.63 -135.969 -8.77625 -13.266 0
ttt_random_ammo 1316.82 -894.434 -135.969 0 77.9205 -0
ttt_random_ammo 1000.25 -1027.77 -135.969 0 177.671 -0
ttt_random_weapon 434.049 -1252.92 -135.969 -7.37 -178.176 -0
ttt_random_weapon -273.153 -1600.99 -135.969 -7.21436 162.301 -0
ttt_random_ammo -359.951 -1264.83 -135.969 0 105.634 0
ttt_random_weapon -650.513 -1266.94 -135.969 -10.5377 80.9088 -0
ttt_random_ammo -663.701 -1174.55 -135.969 0 83.9575 -0
ttt_random_ammo -650.371 -690.842 -135.969 0 88.7091 -0
ttt_random_ammo -637.896 -529.818 -135.969 0 41.7096 -0
ttt_random_weapon 1614.29 -503.659 -27.9688 -8.31482 61.7981 -0
ttt_random_weapon 1592.41 -709.931 -27.9688 -8.55652 -155.858 -0
weapon_scout 356.979 -391.652 72.0312 -16.6974 -178.066 0
ammo_762 347.201 -467.166 72.0312 0 -155.374 0
ammo_762 293.626 -528.106 72.0312 0 -101.387 0
ammo_762 457.612 -531.103 72.0312 0 14.09 -0
weapon_discombobulator 1212.37 -281.438 -135.969 -14.8059 -92.016 -0
weapon_smokegrenade 1151.59 -686.624 -135.969 -11.3287 -89.3134 0
weapon_firenade 1141.9 -1001.97 -135.969 -13.1323 -94.5648 -0
ttt_playerspawn 251.487 -1271.58 -107.969 0 48.8672 0
ttt_playerspawn 1018.33 -903.24 -107.969 0 60.0293 0
ttt_playerspawn 1253.86 -459.614 -107.969 0 99.4592 0
ttt_playerspawn 997.063 -199.172 -107.969 0 -177.33 0
ttt_playerspawn 171.586 -210.788 -107.969 0 179.313 0
ttt_playerspawn 111.686 -511.761 -105.325 0 -89.5386 0
ttt_playerspawn 103.932 -1042.68 -76.8683 0 -57.7771 0
ttt_playerspawn -118.361 -1335.93 -64.2416 0 -134.209 0
ttt_playerspawn -367.316 -1557.12 -71.5431 0 168.69 0
ttt_playerspawn 433.973 -1668.31 -219.969 0 26.098 0
ttt_playerspawn 496.229 -1431.74 -219.969 0 175.583 0
ttt_playerspawn 540.313 103.533 -107.969 0 117.367 0
ttt_playerspawn 521.344 312.285 -107.969 0 178.22 0
ttt_playerspawn -182.664 -66.6133 -235.969 0 168.728 0
ttt_random_weapon -331.353 273.671 -399.969 -18.2373 18.869 -0
ttt_random_weapon -217.888 273.926 -399.969 -15.1794 -14.5514 -0
ttt_random_ammo -193.984 -42.2762 -503.969 0 -87.5665 0
ttt_random_ammo -184.171 -282.977 -503.969 0 -88.0554 -0
ttt_random_ammo -181.25 -416.506 -503.969 0 -92.2083 -0
ttt_random_ammo 102.638 -516.637 -503.969 0 -55.5524 -0
ttt_random_ammo 214.38 315.39 -135.969 0 -11.4258 -0
ttt_random_ammo 559.02 22.4098 -135.969 0 -103.953 0
ttt_random_ammo 127.012 -379.267 -135.969 0 -98.6737 0
ttt_random_ammo 130.593 -669.069 -135.969 0 -97.6959 -0
ttt_random_ammo 391.314 -1029.48 -135.969 0 13.0847 -0
ttt_random_ammo 572.49 -1001.18 -135.969 0 -4.2627 0
ttt_random_weapon 780.706 -419.999 -135.969 -6.2915 112.28 0
ttt_playerspawn 762.194 -540.349 -107.969 0 -87.4951 0
ttt_playerspawn 176.799 -186.541 -347.969 0 -1.91711 0
ttt_playerspawn 515.312 275.921 -475.969 0 172.941 0
ttt_playerspawn -31.1839 91.0968 -619.969 0 -81.9635 0
ttt_playerspawn 477.713 -10.7839 -619.969 0 81.9745 0
ttt_playerspawn 497.498 143.772 -619.969 0 101.14 0
