setting: replacespawns 1
ttt_playerspawn 1762.71 419.299 -569.25 0 -85.7208 0
ttt_playerspawn 1597.82 192.863 -579.969 0 -74.4104 0
ttt_playerspawn 1760.59 -25.2431 -578.005 0 -88.5333 0
ttt_playerspawn 468.276 -971.811 -395.969 0 122.124 0
ttt_playerspawn -22.8847 -1244.71 -391.061 0 74.8828 0
ttt_playerspawn -502.048 -832.363 -428.014 0 13.0847 0
ttt_playerspawn -483.889 -240.297 -432.818 0 -28.2349 0
ttt_playerspawn -696.554 403.381 -221.206 0 47.0325 0
ttt_playerspawn 486.177 872.248 -379.969 0 178.16 0
ttt_playerspawn 511.311 635.298 -379.969 0 154.995 0
ttt_playerspawn 516.612 887.148 -523.969 0 -133.352 0
ttt_playerspawn 170.08 49.1185 -523.969 0 90.2747 0
ttt_playerspawn 103.88 910.514 -235.969 0 107.787 0
ttt_playerspawn -83.548 122.355 -235.969 0 90.791 0
ttt_playerspawn -89.8974 -42.5037 -235.969 0 0.186768 0
ttt_playerspawn 264.765 104.121 -379.969 0 1.27991 0
ttt_playerspawn 172.772 875.732 -523.969 0 -90.6921 0
ttt_playerspawn 293.437 891.4 -523.969 0 -75.8112 0
ttt_playerspawn -843.114 75.3637 -379.969 0 46.2909 0
ttt_playerspawn -215.884 51.2707 -379.969 0 133.116 0
ttt_playerspawn -1033.82 -542.063 -479.969 0 110.731 0
ttt_playerspawn -2074.22 -407.479 -489.366 0 28.6194 0
ttt_playerspawn -1736.7 716.973 -491.969 0 -80.3101 0
ttt_playerspawn -1098.25 861.868 -379.969 0 -85.4242 0
ttt_playerspawn 1792.35 1279.02 -555.969 0 -57.3651 0
ttt_playerspawn -353.562 909.728 -667.969 0 0.214233 0
ttt_playerspawn -329.73 541.852 -515.603 0 -0.499878 0
ttt_playerspawn -575.98 398.725 -523.969 0 -41.6711 0
ttt_playerspawn 496.549 45.5433 -523.969 0 147.195 0
ttt_playerspawn -87.9853 4.08282 -363.969 0 0.653687 0
ttt_playerspawn -960.521 1182.1 -379.969 0 0.812988 0
ttt_playerspawn 65.1554 1044.35 -312.569 0 -179.896 0
ttt_playerspawn 91.1078 1337.28 -507.993 0 88.4949 0
weapon_mac10 33.9217 855.362 -407.969 -9.71191 -121.459 0
ammo_smg 26.9917 928.473 -407.969 0 -89.4177 0
weapon_m16 92.8414 405.039 -263.969 -19.01 -152.254 0
ammo_9mmclip 56.142 368.058 -263.969 0 105.392 0
ammo_9mmclip 7.0275 444.283 -263.969 0 116.774 0
weapon_glock 44.0418 155.617 -263.969 -17.6239 4.52087 0
ammo_9mmclip 91.1658 144.834 -263.969 0 146.206 0
weapon_firenade -107.846 779.228 -263.969 -10.144 -32.4042 0
weapon_fiveseven -8.48291 -35.6343 -263.969 -8.98499 -75.7947 0
ammo_9mmclip 44.5568 -33.1718 -263.969 0 -100.882 0
weapon_discombobulator -108.432 -150.109 -263.969 -13.3282 -19.5721 0
weapon_scout 127.237 395.239 -142.139 -15.5548 -179.258 0
ttt_random_weapon -101.218 345.349 -407.969 -19.0723 33.3875 0
ttt_random_ammo -111.569 408.904 -407.969 0 -5.19104 0
ttt_random_weapon 189.182 427.911 -407.969 -8.90991 -14.1888 0
weapon_deagle 319.153 155.057 -407.969 -12.8668 3.08716 0
ammo_357 262.708 156.461 -407.969 0 0.43396 0
ttt_random_weapon 31.2512 39.8043 -551.969 -18.8672 175.309 0
ttt_random_ammo -48.2706 40.6768 -551.969 0 176.819 0
weapon_xm1014 -226.078 34.0469 -551.969 -4.61426 88.764 0
weapon_smokegrenade 285.617 156.162 -551.969 -11.0248 24.505 0
ttt_random_weapon 376.993 -125.806 -541.511 -8.27454 89.8846 0
ttt_random_ammo 534.306 -109.264 -439.969 0 83.4851 0
ttt_random_ammo 540.842 -184.648 -439.969 0 85.4956 0
ttt_random_weapon 181.729 -1095.33 -423.969 -3.93127 179.33 0
ttt_random_ammo 61.8453 -1093.71 -423.969 0 178.698 0
ttt_random_weapon 12.4317 -945.063 -423.969 -9.22852 42.5885 0
ttt_random_ammo -107.275 -764.908 -451.15 0 81.8701 0
ttt_random_weapon 250.372 -770.645 -450.194 -10.7739 -105.238 0
weapon_firenade -588.932 -1294.27 -351.969 -6.31897 -134.522 0
weapon_m249 -499.619 -1248.94 -351.969 -10.7977 86.2537 0
weapon_deagle -729.254 -328.478 -469.616 -6.79688 -3.93311 0
ammo_357 -693.728 -254.377 -462.206 0 68.8843 0
ammo_762 -95.2189 394.053 -132.533 0 -6.828 0
ttt_random_weapon -854.716 409.708 -407.969 -6.25122 -18.2703 0
ttt_random_ammo -232.514 360.92 -407.969 0 -100.069 0
ttt_random_weapon -1099.06 205.729 -407.969 -8.93372 -177.726 0
ttt_random_ammo -1099.56 137.256 -407.969 0 -90.5054 -0
ttt_random_weapon -1586.02 141.773 -519.969 -6.02417 106.133 -0
ttt_random_ammo -1784.62 298.29 -519.969 0 139.752 -0
weapon_xm1014 -1235.07 27.5773 -385.869 -8.86597 104.354 0
ammo_buckshot -1227.59 155.491 -383.6 0 86.8634 0
ttt_random_weapon 764.762 1627.27 -762.241 -10.8655 -158.137 0
ttt_random_ammo 210.206 1525.33 -759.969 0 -109.429 0
ttt_random_ammo 66.1114 1548.8 -759.969 0 -65.5499 0
ttt_random_weapon 354.08 1259.86 -495.969 -7.68311 -160.428 0
ttt_random_weapon -890.668 1231.61 -407.969 -10.025 -82.5897 0
ttt_random_ammo 391.841 792.679 -362.969 0 -0.406494 0
ttt_random_weapon 427.932 678.706 -367.969 -8.86597 -179.072 0
weapon_mac10 531.207 523.415 -407.969 -7.25098 168.278 0
ttt_random_weapon 302.841 631.757 -551.969 -11.3892 8.45947 0
ttt_random_ammo 400.056 628.175 -551.969 0 1.53809 0
ttt_random_ammo 214.015 657.191 -551.969 0 -92.1478 0
ttt_random_weapon 130.253 652.332 -551.969 -7.38647 -94.389 0
ttt_random_weapon -189.007 535.675 -551.969 -6.09192 91.0217 0
ttt_random_weapon -151.881 936.187 -695.969 -7.72888 76.6187 0
ttt_random_ammo 1209.2 908.744 -799.969 0 -0.510864 0
ttt_random_weapon 1436.67 906.806 -799.969 -7.38647 1.07117 0
ttt_random_weapon 1884.03 966.33 -583.969 -4.77356 -126.914 0
ttt_random_ammo 1920.66 725.216 -583.969 0 -110.858 -0
ttt_random_weapon 1598.78 635.153 -583.969 -7.29675 -120.053 0
ttt_random_weapon 1730.31 288.82 -607.969 -6.47827 -53.3551 0
ttt_random_weapon 1913.47 138.433 -583.969 -9.34204 -57.475 -0
ttt_random_ammo 1627.6 -42.5238 -603.985 0 -104.76 0
ttt_random_weapon 1559.82 -484.516 -583.969 -5.52246 -107.765 0
ttt_random_ammo 923.367 -579.799 -430.81 0 -171.87 0
ttt_random_weapon 80.3815 14.6211 -407.969 -9.86572 67.7142 0
ttt_random_weapon 464.285 1303.97 -372.965 -6.61377 23.6755 -0
ttt_random_ammo 297.14 1321.34 -375.136 0 -176.248 0
ttt_random_weapon 112.26 1314.73 -374.31 -4.45496 -178.522 0
ttt_random_weapon 2354.8 924.712 -798.233 -6.22742 -10.036 0
ttt_random_weapon 804.07 909.683 -799.969 -4.59045 179.445 0
ttt_random_ammo 615.682 1406.12 -749.481 0 94.9603 0
weapon_mac10 -713.713 728.746 -511.969 -7.88818 -89.5276 0
ammo_smg -711.747 663.414 -511.969 0 -88.0609 0
ttt_random_weapon -227.03 -70.3934 -443.808 -6.93237 -101.574 0
ttt_random_weapon 303.054 323.901 -551.969 -10.979 -89.8792 0
ttt_random_weapon -440.54 42.9562 -551.969 -14.8901 79.9805 0
ttt_random_weapon -18.726 316.301 -551.969 -10.6 -178.143 0
ttt_random_weapon 577.63 905.743 -799.969 -6.9397 -1.53259 -0
weapon_ricodisc 2574.11 938.771 -583.969 -9.646 154.056 0
ttt_random_weapon 2291.55 1016.18 -472.053 -18.1714 -155.473 0
ttt_random_weapon 1925.61 547.243 -516.053 -8.84949 74.1302 0
ttt_random_weapon 1161.5 988.353 -582.331 -5.64514 -118.087 0
ttt_random_ammo 988.505 681.613 -519.969 0 -154.374 -0
ttt_random_weapon 632.773 749.413 -521.266 -5.84839 -98.8165 0
ttt_random_weapon 626.758 196.557 -414.201 -15.8057 90.6372 0
ttt_random_weapon 1685.62 -643.003 -583.969 -9.89502 132.737 0
ttt_random_weapon 606.445 -950.426 -423.969 -9.03259 140.235 0
ttt_random_weapon -421.551 -613 -491.098 -9.78149 -149.436 0
ttt_random_ammo -398.789 -798.792 -467.036 0 -95.2899 -0
ttt_random_weapon -103.18 -311.33 -439.969 -6.82617 -7.17407 -0
ttt_random_ammo 116.742 -333.464 -439.969 0 11.5247 0
ttt_random_weapon 516.004 342.066 -407.969 -14.2603 94.801 0
ttt_random_weapon -442.136 194.214 -407.969 -9.75952 177.44 0
ttt_random_ammo -548.326 129.034 -407.969 0 -115.642 0
ttt_random_weapon -763.041 23.4923 -361.969 -26.2646 85.4132 0
ttt_random_weapon -1230.48 348.633 -384.477 -10.4865 88.5333 0
ttt_random_weapon -1102.15 975.725 -367.969 -21.535 161.878 0
ttt_random_weapon -1011.13 745.507 -407.969 -7.75818 -94.422 0
ttt_random_ammo -1017.33 588.335 -407.969 0 -92.1973 0
ttt_random_weapon -1613.94 -194.634 -519.969 -6.71265 -112.022 -0
ttt_random_ammo -1794.15 -320.641 -519.969 0 -133.588 0
ttt_random_weapon -1600.51 -493.663 -519.969 -6.9397 -28.7622 0
ttt_random_ammo -1832.67 2.18563 -519.969 0 101.316 -0
ttt_random_weapon -1584 520.852 -519.969 -8.39539 -122.871 0
ttt_random_weapon -1933.35 973.903 -519.969 -8.62244 0.0384521 -0
ttt_random_ammo -1540.45 955.528 -519.969 0 -8.00354 -0
ttt_random_weapon -553.637 1463.98 -759.969 -7.03125 37.7325 0
ttt_random_ammo -454.467 1486.28 -759.969 0 15.1392 0
ttt_random_weapon 189.078 1028.09 -535.969 -9.50867 179.061 0
ttt_random_weapon 434.468 1030.58 -535.969 -6.28052 1.81274 0
ttt_random_weapon 736.05 -312.1 -287.969 -14.2841 100.063 0
ttt_random_ammo 719.815 -169.799 -268.415 0 75.7617 0
ttt_random_weapon 490.005 865.693 -242.618 -4.68933 -109.709 -0
ttt_random_ammo 249.221 669.318 -204.61 0 -100.794 0
ttt_random_weapon -410.035 1116.93 -407.969 -10.351 -88.374 0
ttt_random_weapon -263.897 597.729 -407.969 -8.19031 -101.266 0
ttt_random_ammo -798.517 547.241 -407.969 0 -175.919 0
ttt_random_weapon 512.322 172.094 -551.969 -12.7972 157.736 0
ttt_random_ammo 366.258 -313.722 -523.614 0 -84.8804 0
ttt_random_weapon 466.833 -598.313 -480.909 -4.61426 -52.7618 0
ttt_random_weapon -190.006 362.376 -361.969 -27.8101 -177.654 0
ttt_random_weapon -1281.3 1099.67 -519.969 -7.44141 -88.5059 0
ttt_random_ammo -1207.5 -90.8881 -519.969 0 -141.965 0
ttt_random_ammo -1300.4 -147.2 -519.969 0 178.874 0
ttt_random_weapon -1163.55 -540.906 -518.102 -11.0339 45.0165 0
ttt_random_weapon -993.614 -600.479 -507.969 -9.12415 82.8424 0
