# Trouble in Terrorist Town weapon/ammo placement overrides
# For map: cs_havana
# Exported by: Bad King Urgrain
setting: replacespawns 1
weapon_glock -167.489 1372.67 16.2607 -0.164 36.019 87.817
weapon_fiveseven -514.431 1395.14 16.2607 -0.164 33.599 87.817
weapon_fiveseven -846.252 982.508 16.2607 -0.164 -45.821 87.817
weapon_fiveseven -1259.71 400.663 0.2607 -0.164 142.499 87.817
weapon_glock -36.411 -200.241 32.2607 -0.164 -151.501 87.817
weapon_fiveseven 639.986 691.848 256.261 -0.164 -33.501 87.817
weapon_fiveseven -273.411 899.986 248.261 -0.164 143.899 87.817
weapon_fiveseven -744.526 1859 240.261 -0.164 -139.101 87.817
weapon_glock 1283.84 814.288 0.2607 -0.164 -49.922 87.817
weapon_fiveseven -247.55 -389.401 16.2607 -0.164 -134.481 87.817
ammo_9mmclip 970.17 671.364 256.431 -0.059 -0.02 -0.018
ammo_9mmclip 960.953 672.019 256.352 -0.128 -0.019 -0.039
ammo_9mmclip 1293.95 370.187 38.8693 -1.304 -0.059 4.577
ammo_9mmclip 1287.7 371.057 38.7744 -1.319 -0.063 4.572
ammo_9mmclip 1280.21 362.113 37.8419 -1.26 -0.046 4.593
ammo_9mmclip 329.525 2075.46 16.3668 -0.115 89.16 -0.035
ammo_9mmclip -517.805 1379.32 16.3668 -0.115 -3.1 -0.035
ammo_9mmclip -504.006 1379.05 16.3668 -0.115 -7.72 -0.035
ammo_9mmclip -493.531 1379.71 16.3668 -0.115 8.56 -0.035
ammo_9mmclip -852.165 961.303 16.3668 -0.115 -66.68 -0.035
ammo_9mmclip -854.142 968.837 16.3668 -0.115 -66.9 -0.035
ammo_9mmclip -858.802 975.913 16.3668 -0.115 -68.22 -0.035
ammo_9mmclip -1245.41 413.972 0.3668 -0.115 96.12 -0.035
ammo_9mmclip -1244.46 406.241 0.3668 -0.115 93.26 -0.035
ammo_9mmclip -1244.37 397.241 0.3668 -0.115 93.26 -0.035
ammo_9mmclip -52.3566 -182.761 32.3668 -0.115 -179.399 -0.035
ammo_9mmclip -45.589 -182.394 32.3668 -0.115 -179.399 -0.035
ammo_9mmclip -37.5211 -181.557 32.3668 -0.115 -178.959 -0.035
ammo_9mmclip 632.127 667.624 256.367 -0.115 -52.819 -0.035
ammo_9mmclip 627.031 675.042 256.367 -0.115 -52.819 -0.035
ammo_9mmclip 621.935 682.46 256.367 -0.115 -52.819 -0.035
ammo_9mmclip -260.985 911.437 248.367 -0.115 88.06 -0.035
ammo_9mmclip -261.579 904.512 248.367 -0.115 88.94 -0.035
ammo_9mmclip -262.241 896.428 248.367 -0.115 89.16 -0.035
ammo_9mmclip -765.537 1870.69 240.367 -0.115 -162.16 -0.035
ammo_9mmclip -757.066 1872.98 240.367 -0.115 -162.6 -0.035
ammo_9mmclip -747.636 1875.45 240.367 -0.115 -162.6 -0.035
ammo_9mmclip 1266.44 798.777 0.3668 -0.115 -87.72 -0.035
ammo_9mmclip 1266.51 807.777 0.3668 -0.115 -87.72 -0.035
ammo_9mmclip 1266.57 816.777 0.3668 -0.115 -87.72 -0.035
ammo_9mmclip -270.928 -379.497 16.3668 -0.115 -157.54 -0.035
ammo_9mmclip -262.458 -376.453 16.3668 -0.115 -157.54 -0.035
ammo_9mmclip -253.283 -373.155 16.3668 -0.115 -157.54 -0.035
ammo_9mmclip -806.033 1489.36 256.395 -0.091 -0.02 -0.027
ammo_9mmclip -802.107 -156.887 16.3308 -0.147 -0.018 -0.044
weapon_deagle -53.1982 -743.753 1.8829 2.472 -20.316 -83.074
weapon_deagle 544.66 -108.576 33.8829 2.472 -98.856 -83.074
weapon_deagle 712.145 317.673 21.8829 2.472 -94.676 -83.074
weapon_deagle -307.565 1070.63 21.8829 2.472 -12.536 -83.074
weapon_deagle 421.992 1509.24 17.8829 2.472 -13.196 -83.074
weapon_deagle 161.478 2086.61 225.883 2.472 84.264 -83.074
weapon_deagle 886.71 1366.28 257.883 2.472 -2.996 -83.074
weapon_deagle -107.463 239.256 233.003 2.472 72.683 -83.074
weapon_deagle -357.059 1377.86 249.883 2.472 68.503 -83.074
ttt_random_weapon -540.392 1626.58 268.675 1.791 3.389 -92.791
ttt_random_weapon 374.486 135.676 291.065 1.608 10.929 -93.208
ttt_random_weapon 546.799 557.448 274.301 1.822 8.073 -92.719
ttt_random_weapon 709.007 1038.11 267.018 1.842 8.227 -92.674
ttt_random_weapon 42.8701 1818.8 42.7856 -2.529 41.791 85.816
ttt_random_weapon -364.449 357.389 265.742 1.786 4.994 -92.801
ttt_random_weapon 49.1508 218.98 43.1215 1.467 -49.027 -95.022
ttt_random_weapon 24.58 351.572 237.395 2.131 7.091 -93.228
ammo_smg 461.487 1113.57 248.503 -0.801 0.013 -0.598
ammo_smg -334.146 815.507 20.4066 0.212 -0.005 0.13
ammo_smg 901.552 791.175 16.4265 0.596 -0.003 0.388
ammo_smg 125.754 -500.809 32.4265 0.596 -0.003 0.388
weapon_xm1014 439.801 589.026 21.2648 -0.155 9.039 83.38
weapon_xm1014 156.564 2161.52 17.0337 -0.464 -9.48 -84.844
weapon_xm1014 371.978 1281.9 282.767 -0.505 -8.079 -85.14
weapon_m16 -940.4 404.968 17.1769 2.23 -8.225 84.436
weapon_m16 231.548 -178.213 36.935 -20.838 -5.249 -76.929
weapon_m16 6.5983 1106.85 249.149 2.149 -8.341 84.18
weapon_m16 1252.03 367.438 39.4757 0.374 7.881 -80.254
weapon_firenade 75.7225 1377.11 252.531 1.428 0.01 -1.198
weapon_firenade 531.546 1388.15 252.536 1.679 0.008 -1.52
weapon_firenade 907.15 856.484 252.58 2.944 -0.132 -3.041
weapon_firenade 665.262 801.564 36.5536 3.626 -0.108 -3.747
weapon_firenade 228.128 603.869 20.5811 0.169 -0.218 -0.031
weapon_firenade 342.418 -88.2571 73.6408 0.005 -4.496 0.018
weapon_firenade -232.071 -773.87 4.554 3.634 -0.108 -3.759
weapon_firenade -1148.88 849.526 4.496 0.246 0.002 0.14
weapon_m249 -282.371 1337.52 23.6612 12.617 0.215 2.286
weapon_m249 1110.6 1643.8 262.937 0.842 -0.373 88.22
weapon_m249 -748.435 2254.31 244.417 18.477 0.395 2.872
weapon_m249 12.5388 -144.043 276.26 17.654 11.626 7.624
ammo_buckshot 370.447 1291.72 282.179 -0.014 2.561 -0.339
ammo_buckshot 379.427 1291.31 282.177 -0.119 -6.231 -0.356
ammo_buckshot 391.122 1293.86 282.049 0.036 0.026 -0.346
ammo_buckshot -1014.41 983.104 16.427 -0.673 -0.006 0.598
ammo_buckshot 331.64 1562.55 19.268 0.061 -0.212 1.535
ammo_buckshot 655.318 1073.15 248.377 0.47 0.018 -0.292
ammo_buckshot 874.004 1521.77 16.3815 -0.244 0 0.285
ttt_random_ammo 30.7678 329.47 231.504 -0.392 -0.01 1.775
weapon_mac10 -40.4381 2179.41 17.2493 -0.506 -35.942 -88.644
weapon_mac10 -228.903 1416.08 249.225 -0.508 16.785 -88.604
weapon_mac10 894.83 1897.71 257.222 -0.017 -26.157 -88.164
weapon_mac10 946.073 1254.2 17.2647 -0.318 10.313 -88.515
weapon_mac10 -395.291 863.598 16.8924 -0.38 -50.609 87.565
ammo_762 -153.617 734.768 224.352 0.454 0.06 0.047
ammo_762 -1078.71 359.633 42.7905 -0.995 0.077 0.225
ammo_762 -1090.48 363.037 42.5743 -1.592 -0.31 0.266
ammo_762 -1100.84 368.249 42.3096 -1.432 -2.101 0.074
ammo_762 1041.14 39.2382 16.3194 0.448 0.073 0.06
ammo_762 1020.46 65.2699 16.3463 0.453 0.062 0.049
ammo_762 582.259 -106.745 256.337 0.452 0.066 0.053
ammo_762 544.163 802.908 248.373 0.459 0.057 0.039
ammo_357 -48.8812 -756.242 0.3406 0.452 0.065 0.052
ammo_357 -41.4584 -757.523 0.3406 0.452 -1.695 0.052
ammo_357 -56.6378 -756.356 0.3406 0.452 -1.695 0.052
ammo_357 559.512 -109.58 32.3406 0.452 -89.036 0.052
ammo_357 558.926 -115.996 32.3406 0.452 -88.596 0.052
ammo_357 558.321 -123.471 32.3406 0.452 -88.596 0.052
ammo_357 728.503 329.406 20.3406 0.452 -85.296 0.052
ammo_357 728.342 322.379 20.3406 0.452 -85.516 0.052
ammo_357 728.923 314.296 20.3406 0.452 -85.956 0.052
ammo_357 -308.398 1082.44 20.3406 0.452 1.904 0.052
ammo_357 -301.67 1081.9 20.3406 0.452 1.904 0.052
ammo_357 -293.717 1080.82 20.3406 0.452 2.124 0.052
ammo_357 416.411 1521.32 16.3406 0.452 6.084 0.052
ammo_357 423.656 1521.32 16.3406 0.452 6.304 0.052
ammo_357 432.656 1521.36 16.3406 0.452 6.304 0.052
ammo_357 139.798 2083.8 224.341 0.452 94.744 0.052
ammo_357 140.051 2091.45 224.341 0.452 93.204 0.052
ammo_357 140.412 2098.39 224.341 0.452 92.324 0.052
ammo_357 886.018 1378.4 256.341 0.452 1.104 0.052
ammo_357 894.883 1377.91 256.341 0.452 1.324 0.052
ammo_357 903.105 1377.23 256.341 0.452 1.324 0.052
ammo_357 864.007 1583.94 16.3406 0.452 91.524 0.052
ammo_357 -554.988 434.088 16.3425 0.453 0.062 0.051
ammo_357 204.155 809.608 282.063 0.905 0.067 0.16
ammo_357 -232.376 1629.81 256.308 0.446 0.08 0.065
weapon_scout -168.986 757.501 227.206 4.294 -80.124 88.988
weapon_scout -1108.03 363.097 46.43 -1.026 -21.2 124.098
weapon_scout -53.4875 1070.13 289.52 0.352 85.986 -88.619
weapon_smokegrenade 28.5297 -351.959 70.3842 5.27 -0.033 1.253
weapon_smokegrenade 83.2242 158.358 24.5779 2.978 -0.135 -3.071
weapon_smokegrenade 959.716 1009 260.519 0.435 0.004 -0.117
weapon_smokegrenade 17.676 798.809 252.629 1.501 -0.11 -1.531
weapon_smokegrenade -753.621 1765.37 244.53 0.831 0.012 -0.585
weapon_smokegrenade 559.54 1925.92 260.613 1.96 -0.116 -2.003
weapon_smokegrenade 101.663 1993.02 20.5234 0.552 0.007 -0.255
weapon_smokegrenade -221.372 1029.18 24.5356 2.867 -0.017 -2.833
weapon_smokegrenade 1202.8 1121.92 4.5277 0.731 0.01 -0.46
weapon_smokegrenade 335.186 1146.18 36.5595 3.46 -0.129 -3.572
weapon_discombobulator -20.8812 237.635 235.266 -2.843 1.367 2.561
weapon_discombobulator 934.432 1557.69 271.561 -1.36 -0.48 8.926
weapon_discombobulator 58.1149 2085.85 227.538 1.47 0.218 1.288
weapon_discombobulator -508.567 31.9133 19.5031 1.744 0.17 -0.446
ttt_playerspawn 486.26 55.9521 276.031 0 0.384521 0
ammo_smg 418.661 84.7504 248.031 0 136.609 0
ammo_9mmclip -320.486 -103.469 264.031 0 -165.152 0
ttt_playerspawn -332.328 -20.3529 292.031 0 44.7638 0
ammo_357 -321.915 542.876 248.031 0 93.0267 0
ammo_357 -320.829 612.87 248.031 0 -148.052 0
ammo_357 -323.369 584.225 248.031 0 175.682 0
weapon_deagle -321.852 569.971 248.031 -29.2236 166.448 0
ammo_762 -339.31 934.888 256.031 0 101.788 0
ttt_playerspawn -194.655 892.073 284.031 0 39.809 0
ammo_762 -63.0312 1101.97 256.031 0 -88.5223 0
ammo_762 -63.3156 1116.97 256.031 0 -88.9178 0
ammo_762 -73.4452 1116.43 256.031 0 -86.9513 0
ammo_9mmclip 0.03125 1157.74 256.031 0 -137.131 0
ammo_9mmclip 31.6256 1156.05 256.031 0 -92.3181 0
ammo_9mmclip 43.0003 1132.75 256.031 0 152.15 0
ammo_smg 122.857 1344.03 256.031 0 -84.809 0
ttt_playerspawn 189.549 1369.37 284.031 0 91.0602 0
ammo_buckshot 250.518 1344.03 256.031 0 -94.2957 0
ammo_357 326.076 1344.03 256.031 0 -45.022 0
ttt_playerspawn 184.655 929.581 284.031 0 -83.7982 0
ammo_357 -352 1419.65 256.031 0 -179.742 0
ammo_357 -342.495 1395.29 256.031 0 -179.841 0
ammo_smg -224.031 1357.04 256.031 0 4.86145 0
ammo_smg -224.031 1381.17 256.031 0 39.2651 0
ttt_playerspawn -524.426 1573.27 292.031 0 -14.101 0
ammo_buckshot -502.27 1489.2 264.031 0 -86.2427 0
ttt_playerspawn -740.514 1997.9 276.031 0 -92.0325 0
ttt_playerspawn -295.553 2052.71 260.031 0 -40.8856 0
ttt_playerspawn 579.07 2076.51 276.031 0 -141.372 0
ammo_762 623.969 2175.97 248.031 0 44.7748 0
ttt_random_ammo 528.004 1680.03 264.031 0 -119.707 0
ammo_9mmclip 528.031 1706.99 264.031 0 -159.747 0
ttt_playerspawn 799.839 1787.31 292.031 0 179.083 0
ammo_357 739.508 1887.97 264.031 0 81.134 0
ammo_smg 963.069 1886.92 264.031 0 94.801 -0
ammo_smg 929.775 1887.97 264.031 0 91.5381 -0
ammo_smg 975.969 1088.03 264.031 0 -59.3811 0
ttt_playerspawn 753.294 1127.76 292.031 0 -54.4592 0
ammo_762 528.031 1072.03 256.031 0 -124.662 0
ttt_playerspawn -552.515 1681.34 52.0312 0 0.258179 0
ammo_buckshot -623.969 1424.03 24.0312 0 -135.961 0
ammo_smg -401.093 899.456 24.0312 0 -92.8729 -0
ammo_smg -400.031 922.076 24.0312 0 -93.8397 0
ammo_9mmclip -895.887 1135.97 24.0312 0 -171.101 0
ttt_playerspawn -887.93 -90.8015 52.0312 0 86.7535 0
ammo_buckshot -784.031 16.0002 24.0312 0 -18.512 0
ttt_playerspawn -814.046 117.799 52.0312 0 93.2794 0
ammo_9mmclip -943.969 423.446 24.0312 0 -164.306 0
ammo_9mmclip -913.958 430.752 24.0312 0 -168.508 0
ammo_9mmclip -933.047 441.028 24.0312 0 -118.35 0
ttt_playerspawn -377.46 182.946 52.0312 0 178.759 0
ammo_smg -224.001 311.969 24.0312 0 49.823 0
ttt_playerspawn -225.614 -116.036 52.0312 0 -0.769043 0
ttt_playerspawn 86.1555 -1090.28 52.0312 0 3.40576 0
ttt_playerspawn 701.787 -381.832 68.0312 0 -89.8682 0
ammo_357 656.031 -336.02 40.0312 0 140.795 0
ammo_buckshot -227.925 636.166 248.031 0 -90.5933 -0
ammo_buckshot -227.374 611.79 248.031 0 -100.992 0
weapon_xm1014 -224.005 576.957 248.031 -27.0813 -100.289 0
ammo_buckshot -233.005 592.839 248.031 0 -94.9988 0
ttt_playerspawn 191.969 417.178 56.0312 0 176.418 0
ammo_9mmclip 259.409 301.16 28.0312 0 3.29041 -0
ammo_9mmclip 265.031 287.551 28.0312 0 1.95007 0
ammo_9mmclip 262.83 269.362 28.0312 0 20.3137 0
weapon_fiveseven 285.957 289.353 28.0312 -28.3081 179.044 0
ammo_buckshot 417.607 606.072 24.0312 0 92.3126 -0
ammo_buckshot 442.351 607.071 24.0312 0 92.3126 0
ammo_buckshot 475.085 607.997 24.0312 0 92.3126 0
ttt_playerspawn -241.031 872.17 52.0312 0 102.167 0
ammo_9mmclip 15.9688 943.969 24.0312 0 52.663 0
ammo_762 463.993 1179.07 24.0312 0 -51.7786 0
ammo_762 444.777 1168.03 24.0312 0 -58.5406 0
ttt_playerspawn 58.9151 1774.02 60.0312 0 88.4399 0
weapon_scout 317.594 1682.38 24.0312 -25.9863 1.2085 0
ammo_buckshot 158.31 2175.11 24.0312 0 87.984 0
ammo_buckshot 170.729 2174.64 24.0312 0 88.028 0
ammo_smg 11.383 2175.75 24.0312 0 88.9893 0
ammo_357 -101.848 2074.48 24.0312 0 -171.068 0
ammo_357 -143.969 2083.8 24.0312 0 -179.379 0
ammo_357 -143.969 2039.42 24.0312 0 -156.193 0
weapon_deagle -131.811 2052.08 24.0312 -27.5391 -154.666 0
ttt_playerspawn -376.639 1803.4 52.0312 0 -6.99829 0
ammo_smg -446.869 1951.97 24.0312 0 84.2651 0
ttt_playerspawn 927.476 826.46 52.0312 0 52.663 0
ammo_buckshot 896.031 1359.97 24.0312 0 136.961 0
ttt_playerspawn 1225.02 1575.24 52.0312 0 -90.9668 0
ammo_9mmclip 1263.97 1629.88 24.0312 0 -113.253 0
ammo_357 864.833 1559.29 24.0312 0 -173.837 -0
ammo_357 864.115 1579.62 24.0312 0 178.253 0
weapon_deagle 882.761 1575.41 24.0312 -29.1101 -164.987 0
ttt_playerspawn 1530.98 239.939 36.0312 0 163.455 0
ammo_9mmclip 1519.97 34.0312 24.0312 0 -66.9507 0
ttt_random_weapon 999.505 1573.76 24.0312 -29.6649 94.7845 0
weapon_firenade 216.786 -100.697 56.0312 -27.8156 11.4972 0
ammo_9mmclip 247.145 -218.633 40.0312 0 -4.07043 0
ammo_9mmclip 246.836 -194.068 40.0312 0 1.48865 0
ammo_9mmclip 248 -162.289 40.0312 0 1.53259 0
ammo_762 595.832 -311.241 72.0312 0 2.29065 -0
ammo_762 596.711 -333.228 72.0312 0 0.560303 0
ammo_762 606.968 -356.229 72.0312 0 76.0529 0
weapon_scout 600.105 -346.952 72.0312 -28.2257 47.005 0
ammo_357 607.969 -48.0312 40.0312 0 29.6466 0
ttt_playerspawn 580.385 71.8735 52.0312 0 96.2622 0
ttt_playerspawn 333.808 971.654 68.0312 0 5.58655 0
ammo_357 -678.998 1689.87 248.031 0 -49.6802 0
ammo_buckshot -21.0143 -450.475 40.0312 0 83.7598 0
ammo_buckshot -54.641 -444.002 40.0312 0 91.0602 0
ammo_buckshot -80.8882 -444.678 40.0312 0 88.5333 0
weapon_xm1014 -54.4342 -473.301 40.0312 -23.7598 125.381 0
ttt_playerspawn 29.5622 -464.637 68.0312 0 -2.47192 0
ammo_357 253.123 1104.71 40.0312 0 92.373 -0
ammo_9mmclip 86.303 809.583 40.0312 0 -171.59 0
ammo_9mmclip -139.625 1375.8 24.0312 0 -147.59 0
ammo_9mmclip -156.627 1363.13 24.0312 0 -151.205 0
ttt_random_ammo -245.934 1225.05 256.031 0 -125.486 0
ammo_762 -276.65 1258.75 256.031 0 -140.977 0
ammo_9mmclip -342.454 1287.3 256.031 0 156.456 0
ttt_playerspawn 857.168 592.186 292.031 0 -92.3785 0
weapon_discombobulator -118.623 808.41 275.031 -27.5885 -88.808 0
ttt_random_weapon -71.4548 810.964 275.031 -27.0648 -89.0771 0
ammo_smg 462.164 822.642 256.031 0 -43.819 -0
ammo_9mmclip 981.796 671.825 264.031 0 90.5493 0
ttt_random_weapon -433.985 1908.63 24.0312 -25.1019 68.1427 0
weapon_m16 932.876 655.571 264.031 -25.1019 68.1427 0
ammo_buckshot -399.6 1546.74 24.0312 0 68.1427 0
ttt_random_ammo -324.173 800.031 256.031 0 -126.513 0
ammo_9mmclip 317.321 2118.21 24.0312 0 -24.8621 -0
ammo_9mmclip 316.143 2080.51 24.0312 0 -119.064 -0
weapon_fiveseven 315.404 2099.18 24.0312 -27.4585 -5.0592 0
ammo_smg 935.929 1229.94 24.0312 0 49.2242 0
ammo_smg 957.037 1212.09 24.0312 0 76.4813 0
ttt_random_ammo -338.899 824.261 256.031 0 -136.857 0
ttt_random_ammo 469.793 634.011 351.474 0 -10.6073 0
ammo_762 -148.491 719.391 232.031 0 91.4117 0
ammo_762 -150.018 699.626 232.031 0 94.6637 0
ammo_357 -97.0616 221.434 232.031 0 95.8667 0
ammo_357 -98.9566 239.876 232.031 0 96.048 0
ammo_357 -100.082 250.455 232.031 0 96.2238 0
ammo_357 46.9729 -86.7802 40.0312 0 18.3032 0
ttt_playerspawn -552.515 1681.34 52.0312 0 0.258179 0
ammo_357 -339.135 1436.91 256.031 0 168.239 0
ammo_762 303.526 1749.16 24.0312 0 -25.4718 0
ammo_762 297.486 1727.53 24.0312 0 -3.71887 0
ammo_762 295.996 1703.79 24.0312 0 -3.51562 0
ammo_buckshot 134.887 2171.45 24.0312 0 -1.52161 0
ammo_smg -7.49378 2171.12 24.0312 0 82.7875 0
weapon_firenade -467.718 1935.87 24.0312 -29.6649 54.5471 0
