# Trouble in Terrorist Town weapon/ammo placement overrides
# For map: cs_italy
# Exported by: Bad King Urgrain
setting: replacespawns 1
weapon_glock -428.419 -83.6849 -151.708 -0.121 36.013 88.347
weapon_fiveseven -1154.83 -201.631 -151.719 -0.118 37.537 88.116
weapon_glock -843.528 845.608 -151.644 0.08 6.309 90.985
weapon_fiveseven -155.483 603.248 -151.599 0.838 34.885 90.356
weapon_fiveseven -880.931 920.166 -93.952 0.903 -162.111 -88.547
weapon_fiveseven 0.5251 1307.63 -151.678 0.423 42.015 88.344
weapon_deagle 177.736 -578.256 -113.06 2.652 -42.807 -85.505
weapon_deagle -64.0719 1390.15 -59.3351 -4.121 -21.623 -80.646
weapon_deagle -1330.06 1222.93 -53.1731 1.251 -1.694 -87.147
weapon_deagle -1137.59 1325.73 -117.089 2.557 -20.521 -83.52
weapon_deagle -276.909 2210.19 -150.212 1.765 57.827 -84.654
weapon_deagle -655.269 2061 -55.2784 2.775 74.669 84.414
ttt_random_weapon 1056.81 -758.477 -86.8089 1.756 71.828 -93.506
ttt_random_weapon 984.041 2511.19 129.228 1.559 4.758 -93.322
ttt_random_weapon 797.336 2316.78 1.2254 1.588 4.986 -93.254
ttt_random_weapon 415.565 2244.93 43.7027 2.2 -17.735 -92.259
ttt_random_weapon -263.303 2365.41 9.205 1.819 4.928 -92.725
ttt_random_weapon -339.508 -1141.98 -146.493 1.819 4.928 -92.725
ttt_random_weapon 606.9 -726.065 -143.836 1.622 3.568 -93.178
ttt_random_weapon -1342.93 1535.92 -69.4237 1.118 7.419 -93.843
ttt_random_weapon -1053.29 1615.42 -40.991 1.786 3.484 -92.801
ttt_random_weapon -1077.65 1137.09 10.8181 1.893 6.541 -92.556
ttt_random_weapon -930.687 888.447 -158.808 1.91 5.215 -92.458
ttt_random_weapon -1293.85 1008.11 -94.6049 5.976 15.593 -83.71
ttt_random_weapon -295.972 -99.0169 -21.8447 1.515 7.678 -94.891
ammo_smg 444.112 -347.542 -95.5799 0.42 -0.004 0.27
weapon_xm1014 482.517 2230 66.2709 -0.308 8.023 83.939
weapon_xm1014 -285.422 735.982 90.7263 -0.907 109.789 -86.364
weapon_xm1014 -21.9222 1828.67 9.3044 2.813 0.029 -71.328
weapon_m16 -1282.82 1049.23 -140.6 1.828 -2.163 -82.978
weapon_m16 -427.336 -101.105 -150.818 2.29 -8.028 84.48
weapon_firenade 512.615 -281.447 -119.367 2.275 91.924 1.037
weapon_firenade 521.034 -277.06 -122.337 -6.468 56.95 89.996
weapon_firenade -419.129 2185.79 -147.403 0.143 -0.227 -0.025
weapon_firenade -766.619 2067.17 -77.5175 0.07 0.537 1.442
weapon_firenade -1273.74 992.396 -137.235 82.854 169.847 -89.885
weapon_m249 -507.639 231.139 49.247 17.994 -1.2 2.33
weapon_m249 694.799 2119.48 156.426 18.554 0.202 2.857
weapon_m249 -399.772 2185.5 -77.7168 18.124 66.258 3.48
weapon_m249 -1311.76 1010.41 -135.804 1.404 34.623 88.39
ammo_buckshot 615.9 -743.587 -113.622 0.374 1.135 -14.775
ttt_random_ammo 957.473 1906.1 130.71 89.408 -38.981 143.586
ttt_random_ammo 452.499 -436.97 -123.627 0.068 0 0.016
ttt_random_ammo 979.033 1902.66 128.381 0.192 -0.001 -0.174
ttt_random_ammo 959.385 1879.9 128.349 0.051 -0 0.014
ttt_random_ammo 915.647 1902.53 128.388 0.367 -0.002 -0.39
ttt_random_ammo -550.221 2056.19 8.3673 0.083 0 0.034
ttt_random_ammo -899.968 869.563 56.352 -0.052 -0 -0.011
ttt_random_ammo -1107.5 -227.47 -151.629 0.099 -0 -0.056
ttt_random_ammo -1127.45 -216.262 -151.629 0.099 -0 -0.056
ttt_random_ammo -1095.97 -185.326 -151.626 0.121 0 0.084
ttt_random_ammo -458.128 -2017.94 -231.66 0.047 -0 0.023
ttt_random_ammo -480.7 -2021.42 -231.554 -1.671 -0.036 2.031
ttt_random_ammo -495.444 -2020.76 -231.646 -0.055 -0 -0.007
ttt_random_ammo -908.944 -2018.63 -231.679 -0.047 -0 -0.034
ttt_random_ammo -931.401 -1994.52 -231.657 -0.048 -0 -0.021
ttt_random_ammo -1114.8 -2025.58 -151.609 0.528 -0.004 -0.587
ttt_random_ammo -1111.01 -1995.98 -151.682 0.047 -0 0.035
ttt_random_ammo -279.181 -1070.83 -151.643 0.06 -0 -0.001
ttt_random_ammo 920.651 1059.3 -97.361 0.081 -0.546 5.253
ttt_random_ammo 594.035 1625.93 48.3825 0.21 0.001 0.197
ttt_random_ammo 594.788 1676.09 48.34 0.047 0 -0.023
ttt_random_ammo 487.612 2542.1 0.4066 -0.825 -0.009 0.95
ttt_random_ammo 1010.37 -51.8629 -151.624 0.136 0 0.103
ttt_random_ammo 1021.83 -75.8942 -151.54 -0.398 0.988 -0.186
ttt_random_ammo 1004.42 789.285 -191.609 0.539 0.004 0.601
ttt_random_ammo 1012.58 766.186 -191.665 0.046 0 -0.027
ttt_random_ammo 993.51 748.781 -191.641 0.063 0 0.006
ttt_random_ammo 793.436 2295.73 128.382 -0.167 -0.001 0.143
ttt_random_ammo -316.508 2509.78 8.3635 0.071 0 0.018
ttt_random_ammo -303.008 2523.51 16.9598 0.048 -3.515 -0.021
ttt_random_ammo -291.278 2539.98 8.3762 0.135 0 0.102
ttt_random_ammo -1.7014 1460.3 -151.622 0.151 0.001 0.122
ttt_random_ammo -7.6804 1432.55 -151.622 0.15 0.001 0.122
ttt_random_ammo -237.243 1070.15 -151.606 0.818 0.009 0.941
ttt_random_ammo -839.977 584.861 8.3923 0.604 0.005 0.681
ttt_random_ammo -685.111 150.085 8.349 0.05 -0 0.014
ttt_random_ammo -717.995 156.989 8.3615 0.065 -0 -0.01
ttt_random_ammo -688.978 184.106 8.3423 0.047 -0 0.021
ttt_random_ammo -503.425 146.579 8.3584 -0.059 -0 0.001
ttt_random_ammo -470.982 184.068 8.3725 -0.098 -0 0.055
ttt_random_ammo 146.519 -119.549 -151.62 -0.153 -0.001 0.124
ttt_random_ammo 149.729 -92.3972 -151.658 0.048 0 -0.021
ttt_random_ammo 182.142 -80.3164 -151.596 -0.726 -0.007 0.829
ttt_random_ammo 177.686 -113.266 -151.645 0.057 0 -0.004
ttt_random_ammo 170.821 -756.722 -151.637 -0.067 -0 0.012
ttt_random_ammo 150.534 -726.757 -151.622 -0.136 -0 0.104
ttt_random_ammo 1047.31 -658.511 -151.609 0.547 0.004 0.61
ttt_random_ammo 1044.04 -690.27 -151.68 0.047 0 -0.034
ttt_random_ammo 1056.38 -731.357 -151.588 1.671 -0.035 -2.016
weapon_mac10 509.961 2491.92 153.23 -0.122 -44.431 -88.589
weapon_mac10 186.168 441.766 -86.7987 -0.171 -30.235 -88.297
ammo_762 664.229 -299.758 -124.127 0.496 0.357 -14.793
ammo_762 604.473 -712.388 -121.456 0.533 0.417 -14.596
ammo_762 585.168 -711.712 -121.61 0.437 0.703 -14.502
ammo_357 604.393 -726.405 -117.961 0.509 0.379 -14.728
ammo_357 583.68 -720.666 -119.404 0.564 2.175 -14.506
ammo_357 158.761 -606.225 -135.309 0.621 -0.324 0.041
weapon_scout -423.184 -1845.29 -150.674 2.836 99.492 66.611
weapon_scout -638.007 686.978 161.344 3.307 11.768 65.185
weapon_scout -251.508 2304.44 148.074 15.867 7.445 68.97
weapon_smokegrenade 422.033 -477.161 -121.178 -87.616 46.372 90.176
weapon_discombobulator 656.974 -272.526 -126.432 -12.807 -18.312 -34.646
weapon_discombobulator 660.82 -274.633 -127.621 63.534 -107.416 -158.847
weapon_discombobulator 644.25 -290.511 -124.914 -7.686 4.04 -121.778
weapon_discombobulator -1062.34 1694.83 -107.946 -0.844 0.087 0.431
weapon_discombobulator -1267.29 1010.25 -141.682 30.745 73.501 89.87
weapon_fiveseven -1331.59 1212.3 -47.9688 -29.469 -9.06921 0
ammo_9mmclip 724.031 -273.643 -143.969 0 164.152 -0
weapon_discombobulator 537.481 -306.701 -116.293 -26.5594 46.5326 -0
weapon_discombobulator 558.691 -286.493 -121.345 -28.2275 -100.157 0
ammo_9mmclip 631.205 -348.509 -86.9688 0 103.947 0
ammo_9mmclip 145.177 -760.871 -143.969 0 111.984 0
weapon_deagle -816.948 1067.1 -143.969 -29.3225 178.956 0
ttt_random_weapon 999.454 -160.723 -86.9688 -29.6649 179.852 0
ammo_smg 460.927 -389.293 -111.969 0 -91.2964 0
weapon_m16 561.273 -520.94 -143.969 -29.502 17.1606 0
weapon_m16 -823.584 -1342.89 -231.969 -29.6649 -116.125 0
ammo_buckshot 430.126 -428.024 -105.969 0 178.539 0
ammo_buckshot 577.51 -728.832 -113.718 0 20.8356 0
ttt_random_ammo 513.011 2459.09 160.031 0 -49.3561 0
ttt_random_ammo -608.839 2133.2 16.0312 0 -2.54333 0
ttt_random_ammo -612.197 2068.08 16.0312 0 -3.48267 0
ttt_random_ammo -574.303 2023.63 16.0312 0 77.937 0
ttt_random_ammo -893.99 848.156 73.0312 0 77.937 0
ttt_random_ammo -939.207 -2029.42 -223.969 0 77.937 0
ttt_random_ammo -244.109 -1048.07 -143.969 0 131.819 0
ttt_random_ammo -379.866 1906.33 -111.969 0 -167.536 0
ttt_random_ammo 965.071 772.602 -167.969 0 -63.7207 0
weapon_xm1014 1036.46 762.184 -183.969 -29.3719 -89.9506 0
ttt_random_ammo 1012.98 742.254 -183.969 0 8.3551 0
ttt_random_ammo -739.042 1530.93 8.03125 0 91.1041 0
ttt_random_ammo -1309.93 944.68 -151.969 0 91.1041 0
ttt_random_ammo -580.76 570.741 52.0312 0 11.629 0
ttt_random_ammo -577.435 646.038 52.0312 0 -50.9546 0
ttt_random_ammo -597.678 611.07 52.0312 0 71.3782 0
ttt_random_ammo -313.074 598.926 16.0312 0 -23.0658 0
ttt_random_ammo -279.974 619.103 16.0312 0 -90.9833 0
ttt_random_ammo -703.246 202.194 16.0312 0 -63.4021 0
ttt_random_ammo -631.544 -126.912 -23.9688 0 -115.615 0
ttt_random_ammo 560.673 -439.34 -143.969 0 -115.477 0
ttt_random_ammo 904.36 -298.069 -143.969 0 -84.4794 0
ttt_random_ammo 556.024 -85.4652 -143.969 0 9.98657 0
weapon_mac10 940.498 1991.91 8.03125 -29.5184 8.43201 0
weapon_mac10 -835.08 -1400.48 -231.969 -29.6649 75.7507 0
ammo_762 657.454 -716.141 -143.969 0 74.7125 0
ammo_762 561.926 -709.492 -119.52 0 74.7125 0
ttt_playerspawn 565.679 -359.377 -115.969 0 5.20752 0
ttt_playerspawn 491.107 -454.655 -115.969 0 115.516 0
ttt_playerspawn 644.872 -206.813 -123.969 0 -177.484 0
ttt_playerspawn 850 -420.255 -115.969 0 176.847 0
weapon_smokegrenade -1022.11 1714.24 -86.9688 -29.2072 79.3433 0
weapon_smokegrenade 420.353 -469.125 -107.969 -28.5205 -3.74634 0
ammo_762 674.507 -289.092 -117.588 0 -3.74634 0
weapon_discombobulator -1086.06 1714.71 -86.9688 -28.5205 -3.74634 0
weapon_fiveseven -1192.7 -484.77 -95.9688 -28.5205 -3.74634 0
ammo_9mmclip 98.9483 670.619 -143.969 0 -77.926 0
weapon_fiveseven 52.7185 660.961 -143.969 -27.605 -79.2938 0
weapon_discombobulator 554.842 -307.974 -115.974 -29.3225 177.687 0
ammo_9mmclip 614.52 -349.572 -86.9688 0 177.687 0
ammo_9mmclip 674.353 -348.909 -86.9688 0 177.687 0
ammo_9mmclip 521.599 -383.014 -143.969 0 177.687 0
weapon_deagle -218.718 1848.95 16.0312 -29.3225 177.687 0
ttt_random_weapon 401.649 -291.227 -143.969 -29.3225 177.687 0
weapon_xm1014 -1108.36 -1874.77 -143.969 -29.3225 177.687 0
weapon_firenade -1174.77 1979.04 -143.969 -29.3225 177.687 0
ammo_buckshot 676.279 -427.304 -99.9688 0 177.687 0
ammo_buckshot 909.076 -522.775 -143.969 0 129.54 0
ttt_random_ammo -1369.38 20.2791 16.0312 0 157.736 0
ttt_random_weapon -924.125 -1251.28 -143.969 -29.6649 -89.0662 0
ammo_9mmclip -913.998 -1262.11 -143.969 0 -94.8175 0
weapon_deagle -865.291 889.647 16.0312 -27.3926 -54.9481 0
weapon_firenade -1269.19 1881.58 -106.969 -29.0771 -85.9406 0
ttt_random_ammo -1221 1903.58 -143.969 0 -174.199 0
ttt_random_ammo -532.866 1846.19 16.0312 0 176.023 0
ttt_random_ammo -261.134 -672.904 -143.969 0 -115.768 0
ttt_random_ammo 984.466 2154.94 8.03125 0 -129.842 0
ttt_random_ammo -703.724 752.876 16.0312 0 -137.543 0
ttt_random_ammo -481.065 178.813 16.0312 0 87.9181 0
ttt_random_ammo 523.261 -748.617 -143.969 0 -40.4407 0
ttt_random_ammo 486.453 -746.051 -143.969 0 -164.355 0
ttt_random_ammo 896.69 -268.988 -143.969 0 -86.803 0
weapon_mac10 -1140.65 1327.07 8.03125 -29.6649 178.72 0
ammo_762 622.04 -689.462 -143.969 0 -10.1624 0
ammo_357 642.622 -741.291 -143.969 0 -92.6367 0
ttt_playerspawn -1014.15 -2031.15 -115.969 0 5.45471 0
ttt_playerspawn 934.496 2336.71 164.031 0 154.83 0
ttt_playerspawn 765.78 662.191 -107.969 0 90.5603 0
ttt_playerspawn -555.871 733.74 44.0312 0 -142.696 0
weapon_smokegrenade 452.67 -491.921 -107.969 -22.5201 140.4 0
ttt_random_ammo 1004.72 -726.273 -143.969 0 -84.3146 0
ttt_random_ammo 978.352 -728.898 -143.969 0 -84.3146 0
ttt_random_ammo 937.945 -733.075 -143.969 0 -63.8855 0
ttt_playerspawn -983.456 -1669.33 -115.969 0 35.4858 0
ttt_playerspawn -1121.95 1253.85 44.0312 0 -111.758 0
ttt_playerspawn 617.246 2511.26 164.031 0 -22.923 0
ttt_playerspawn 644.759 1413.1 84.0312 0 65.5719 0
ttt_playerspawn 365.798 -289.402 -115.969 0 99.9756 0
ttt_playerspawn 456.426 -170.693 -123.969 0 -76.8823 0
ttt_playerspawn 498.592 -713.418 -115.969 0 138.488 0
ammo_9mmclip 1053.54 -122.436 -143.969 0 -82.9248 0
ammo_9mmclip 1058.81 -157.754 -143.969 0 -84.754 0
ammo_9mmclip 616.868 -297.908 -115.985 0 -98.6737 0
ammo_9mmclip 431.774 -203.503 -151.969 0 -66.5332 0
ammo_smg 459.161 -286.245 -121.406 0 -66.5332 0
ttt_random_ammo 898.451 -618.13 -143.969 0 3.59802 0
ttt_random_ammo 709.583 2366.28 136.031 0 -11.6675 0
ttt_random_ammo 680.093 2337.94 136.031 0 -82.0514 0
ttt_random_ammo -283.662 -719.962 -146.363 0 -82.0514 0
ttt_random_ammo -353.077 1952.97 -143.969 0 -82.0514 0
ttt_random_ammo -799.827 588.079 16.0312 0 -82.0514 0
ttt_random_ammo -295.018 700.816 16.0312 0 -8.53088 0
ammo_buckshot 916.282 -593.537 -111.969 0 -0.791016 0
ttt_random_ammo 917.605 1059.76 -87.9688 0 -8.61877 0
ttt_random_ammo 798.124 2326.66 136.031 0 -8.61877 0
ttt_random_ammo -626.285 655.298 16.0312 0 36.7767 0
ttt_random_ammo -503.497 171.571 16.0312 0 -39.9298 0
ttt_random_ammo -435.35 -121.614 -23.9687 0 -18.9844 0
ttt_random_ammo -399.708 -92.069 -23.9687 0 -114.857 0
ttt_random_ammo 451.157 -86.0951 -143.969 0 179.583 0
ttt_playerspawn -1425.77 59.1268 44.0312 0 65.0336 0
ttt_playerspawn 965.713 2316.66 36.0312 0 145.179 0
ttt_playerspawn 739.078 -417.461 -115.969 0 74.361 0
ttt_playerspawn 375.514 -475.152 -115.969 0 22.8571 0
ttt_playerspawn -113.224 1933.49 36.0312 0 23.7305 0
ttt_playerspawn 354.554 -398.81 -115.969 0 30.5035 0
ttt_playerspawn -814.647 816.657 44.0312 0 90.7745 0
ttt_playerspawn 966.814 2403.49 36.0312 0 -178.456 0
ammo_buckshot 614.55 -497.303 -143.969 0 173.04 -0
ttt_playerspawn 537.46 -207.939 -123.969 0 170.804 0
ttt_playerspawn -210.978 2515.78 44.0312 0 -59.7217 0
ttt_playerspawn 161.263 -653.376 -115.969 0 24.538 0
ttt_playerspawn 172.507 -508.038 -115.969 0 20.3851 0
ttt_playerspawn -226.087 1756.71 -115.969 0 -0.164795 0
ttt_playerspawn -929.347 -1534.97 -115.969 0 -77.8326 0
ttt_playerspawn 625.81 -457.214 -115.969 0 -157.346 0
