
setting: replacespawns 1
weapon_glock -823.897 257.332 -366.417 0.163 -39.565 -89.892
weapon_fiveseven 1919.61 -533.389 -147.135 1.199 0.302 88.347
weapon_fiveseven 1930.13 236.481 -147.144 -0.524 -117.985 91.771
weapon_fiveseven 1598.46 -551.557 -79.6214 0.046 63.654 89.676
weapon_fiveseven 1332.7 -641.154 -158.528 -0.138 -55.007 -90.614
weapon_fiveseven -819.92 380.968 -366.453 -0.267 -40.764 -90.809
weapon_glock -975.55 -1466.85 -326.482 -0.833 -38.038 -91.104
weapon_fiveseven -744.22 -332.321 -158.533 0.003 -27.113 -87.478
weapon_fiveseven -827.862 -335.666 -155.92 36.216 0.573 1.401
ammo_9mmclip 1485.48 -107.58 -153.503 -0.125 -0.02 -0.03
ammo_9mmclip 1481.96 -662.112 -127.516 0.34 -0.998 -0.109
ammo_9mmclip 1490.32 -661.99 -127.526 0.814 1.926 -0.01
ammo_9mmclip 1599.8 -646.119 -153.4 0.891 6.826 -0.001
ammo_9mmclip 1585.3 -652.254 -153.432 1.541 4.48 -0.003
ammo_9mmclip 1424.54 -655.146 -127.44 0 43.675 0.04
ammo_9mmclip 1406.31 -656.199 -124.657 89.474 138.267 -114.273
ammo_9mmclip 448.908 545.65 -156.704 88.898 -177.494 -176.665
ammo_9mmclip -808.104 -456.983 -332.115 -78.475 -8.916 11.343
ammo_9mmclip -802.749 -456.443 -333.237 -19.715 1.44 1.33
ammo_9mmclip -865.414 -332.089 -146.628 -0.281 -90.075 -166.297
ammo_9mmclip -871.555 -332.704 -135.803 -0.185 -89.659 14.089
ammo_9mmclip -843.668 -332.308 -137.258 1.639 -88.488 98.302
ammo_9mmclip -752.063 -317.255 -156.651 89.423 -171.215 -180
ammo_9mmclip -862.884 -332.651 -145.519 0.342 89.945 -13.572
ammo_9mmclip 2237.42 -149.064 -159.633 -0.115 -0.019 -0.035
weapon_deagle -843.265 276.23 -366.226 1.816 174.137 85.598
weapon_deagle -779.933 -1226.7 -238.001 2.779 -28.295 -85.338
weapon_deagle -765.75 -332.618 -155.732 24.908 -5.051 -35.511
ttt_random_weapon 1149.27 302.193 -153.995 1.962 7.026 -92.546
ttt_random_weapon 1507.97 418.825 -123.79 1.634 5.132 -93.149
ttt_random_weapon 2174.83 -236.674 -112.128 1.625 24.343 -93.17
ttt_random_weapon 1339.51 -373.272 -149.89 2.224 6.79 -92.007
ttt_random_weapon 560.313 397.965 -158.844 2.308 5.66 -91.833
ttt_random_weapon -514.722 -433.278 -251.824 -7.274 2.826 -90.295
ttt_random_weapon -1276.44 -2113.08 -264.928 1.907 41.418 -92.523
ttt_random_weapon -1379.04 1225.13 -334.801 1.89 4.927 -92.563
ttt_random_weapon -1011.93 600.283 -334.8 1.874 4.93 -92.601
ttt_random_weapon -723.985 569.353 -366.799 1.865 4.929 -92.619
ammo_smg 1358.58 -98.656 -134.589 0.269 -0.005 0.169
ammo_smg 1272.53 -96.0441 -159.481 0.228 0.019 0.456
ammo_smg 610.297 -1709.31 -304.128 -3.363 -0 2.741
ammo_smg 608.734 -2038.66 -309.158 9.387 0.25 -23.487
ammo_smg 349.304 -418.458 -159.452 0.192 -0.384 -0.075
ammo_smg 1343.42 -103.159 -120.481 0.314 -1.272 0.014
ammo_smg 2267.52 -142.139 -159.491 -0.36 0.011 -0.297
ammo_smg 1390.36 -92.3799 -159.506 -0.903 0.357 -0.2
weapon_xm1014 -863.932 117.436 -365.621 8.681 105.327 27.252
weapon_firenade -853.867 -331.27 -158.421 9.696 -173.2 89.981
weapon_firenade -874.537 -331.703 -155.277 -4.251 0.946 0.849
weapon_firenade -856.833 -333.645 -158.19 -78.469 26.991 90.424
weapon_firenade -288.272 -122.187 -125.399 2.373 -0.124 -2.44
weapon_firenade -264.399 -119.158 -125.471 0.84 0.011 -0.601
weapon_firenade -909.857 537.476 -158.308 -83.485 5.262 90.089
weapon_firenade 2143.7 -132.112 -125.426 3.584 -0.106 -3.705
weapon_firenade 2178.8 -21.1558 -125.443 1.646 0.008 -1.5
weapon_m249 -1307.92 -2096.69 -307.272 23.243 5.97 -25.559
weapon_m249 -1266.02 -2141.31 -296.75 -1.323 -156.178 -129.66
ammo_buckshot 1602.16 -656.467 -101.766 0.304 143.208 0.082
ammo_buckshot 1608.64 -654.409 -79.3948 -0.534 87.185 -0.005
ammo_buckshot 463.979 524.614 -159.503 -0.08 -80.288 0.254
ammo_buckshot 2237.11 -96.7881 -159.55 -0.484 -0.006 0.43
ammo_buckshot 2237.07 -39.9237 -159.522 1.133 -0.119 -0.466
ammo_buckshot 2263.47 -198.213 -159.498 1.059 -5.858 -0.661
ttt_random_ammo 1894.67 217.381 -159.54 -1.026 -0.027 1.236
ttt_random_ammo 1927.83 192.077 -159.65 -0.049 -0 -0.014
ttt_random_ammo 1739.1 -130.667 -128.941 -0.106 -1.72 -0.231
ttt_random_ammo 2294.79 -374.408 -159.568 1.196 0.029 1.431
ttt_random_ammo 2326.08 53.1569 -159.641 0.06 0 0.005
ttt_random_ammo 2305.55 93.3413 -159.667 0.045 0 -0.027
ttt_random_ammo 154.303 -119.736 -159.609 0.514 0.004 0.572
ttt_random_ammo -304.883 -607.782 -175.613 -0.142 -0.12 -0.021
ttt_random_ammo -1528.25 -1560.45 -327.635 0.076 0 0.025
ttt_random_ammo -1554.01 -1569.53 -327.638 0.067 0 0.012
ttt_random_ammo -1544.57 -1601.46 -327.645 0.057 0 -0.003
ttt_random_ammo -1512.58 -1592.38 -327.672 0.046 0 -0.031
ttt_random_ammo -1677.8 -389.275 -239.609 0.541 0.004 0.604
ttt_random_ammo 79.9829 -2043.85 -335.677 -0.047 -0 -0.033
ttt_random_ammo 414.232 -2156.88 -335.619 0.19 0.001 0.172
ttt_random_ammo 354.13 -1677.32 -297.645 0.057 0 -0.003
ttt_random_ammo 355.512 -1655.08 -297.67 0.046 0 -0.029
ttt_random_ammo 355.243 -1631.14 -297.635 0.077 0 0.026
ttt_random_ammo 1617.32 637.168 -159.56 -1.639 -0.035 1.976
ttt_random_ammo 1612.29 664.451 -159.609 -0.308 -0.002 0.32
ttt_random_ammo 1623.36 695.095 -159.657 -0.046 -0 -0.021
ttt_random_ammo 1659.84 770.054 -159.655 -0.047 -0 -0.019
ttt_random_ammo 1521.77 1039.61 -159.574 0.02 -0.175 -0.068
ttt_random_ammo 1533.45 1023.35 -159.615 0.267 0.001 0.269
ttt_random_ammo 546.594 653.247 -159.667 -0.045 -0 -0.027
ttt_random_ammo -1459.55 -2003.04 -335.648 -0.053 -0 -0.011
ttt_random_ammo -1480.21 -1991.2 -335.657 -0.048 -0 -0.021
ttt_random_ammo -1456.82 -1983.72 -335.648 -0.053 -0 -0.011
ttt_random_ammo -728.093 -2158.36 -335.625 -0.111 -0 0.071
ttt_random_ammo -965.442 -1596.86 -335.61 -0.284 -0.001 0.288
ttt_random_ammo -365.372 -1738.43 -335.585 -1.267 -0.019 1.489
ttt_random_ammo -358.242 -1768.44 -335.679 -0.047 -0 -0.034
ttt_random_ammo -353.576 -1795.95 -335.537 -1.093 -0.028 1.327
ttt_random_ammo -47.4014 -1737.48 -335.674 -0.047 -0 -0.032
weapon_mac10 -1309.76 -2092.05 -334.656 0.064 -123.905 -88.5
weapon_mac10 -465.11 -1032.14 -238.687 0.073 -40.737 -88.868
weapon_mac10 1612.5 827.633 -158.762 -0.149 -105.977 -88.759
weapon_mac10 1509.23 -638.982 -158.808 -0.322 -58.157 -87.616
weapon_mac10 522.169 8.3351 -155.997 12.256 -34.529 -74.249
weapon_mac10 -854.945 -333.624 -151.19 36.266 2.897 -24.577
ammo_762 1445.26 -666.411 -79.4664 0.477 4.541 -0.085
ammo_762 1503.95 -655.162 -79.4842 0.92 21.547 0.42
ammo_762 2236.34 -236.193 -159.644 0.722 -0.096 0.006
ammo_357 1520.94 -647.757 -79.4749 1.518 2.201 0.058
ammo_357 1495.25 -662.689 -79.4402 0.452 -2.127 -0.695
ammo_357 1452.01 -663.37 -79.4324 0.889 -4.559 0.364
ammo_357 1561.15 -665.39 -79.5344 -1.504 90.922 -0.122
weapon_scout -1394.87 570.188 -334.746 0.243 109.447 -89.097
weapon_scout -755.875 1202.28 -284.018 1.161 -123.774 -87.638
weapon_scout -828.538 -330.661 -158.678 6.502 1.734 -0.643
weapon_smokegrenade 495.733 637.47 -155.41 1.002 57.135 -0.771
weapon_smokegrenade -445.94 -115.714 -125.395 2.173 -0.121 -2.22
weapon_smokegrenade -440.234 -112.02 -125.404 2.465 -0.123 -2.528
weapon_smokegrenade -437.51 -119.12 -125.467 1.159 0.012 -0.959
weapon_smokegrenade -441.285 -126.202 -125.433 3.306 -0.124 -3.408
weapon_smokegrenade -430.944 -114.058 -125.472 1.015 0.012 -0.736
weapon_smokegrenade 2219.44 -180.28 -125.455 0.541 0.007 -0.26
weapon_discombobulator 502.778 608.195 -143.926 38.475 -176.057 99.512
weapon_discombobulator -733.98 -35.1317 -126.467 1.557 0.254 1.295
ttt_playerspawn -1403.4 -1412.72 -299.969 0 175.913 0
ttt_random_ammo -1454.52 -1478.25 -319.969 0 122.245 0
ttt_random_ammo -1439.49 -1468.77 -319.969 0 126.216 0
ttt_random_ammo -1547.16 -1530.99 -287.401 0 6.13586 0
ammo_762 -1489.32 -1531.88 -271.969 0 2.3291 -0
ammo_762 -1745.16 -1508.48 -319.969 0 -157.099 -0
ammo_762 -1750.16 -1305.04 -319.969 0 136.395 -0
ammo_762 -1504.44 -1324.45 -319.969 0 22.6923 0
weapon_deagle -1604.46 -533.063 -223.969 -27.7368 93.7903 0
weapon_deagle -1673.13 -537.665 -223.969 -27.7533 86.1273 0
ttt_random_weapon -1646.27 -461.203 -223.969 -27.8998 91.7798 0
ttt_random_ammo -1673.46 -420.062 -223.969 0 86.2097 0
ttt_random_ammo -1674.38 -392.278 -223.969 0 86.1603 0
ttt_random_ammo -1660.02 -360.977 -223.969 0 86.1603 0
ttt_random_weapon -1638.76 -134.771 -223.969 -28.9618 83.1775 0
ttt_random_ammo -1679.97 -81.1287 -223.969 0 88.797 0
ttt_random_ammo -1651.98 -57.3382 -223.969 0 87.561 0
weapon_scout -1582.68 -60.2899 -223.969 -29.0442 87.561 -0
ttt_playerspawn -1095.86 -1629.97 -299.969 0 96.9104 0
ttt_playerspawn -1143.25 -1865.59 -299.969 0 51.5149 0
weapon_deagle -336.873 -1884.53 -271.969 -27.0337 45.3296 -0
weapon_fiveseven -241.999 -1883.19 -255.969 -25.1367 30.0531 0
ttt_random_ammo 63.9168 -1960.89 -319.969 0 -13.2166 -0
ttt_random_ammo 68.4063 -1996.9 -319.969 0 -12.1674 0
ammo_buckshot 214.123 -1956.07 -207.969 0 162.719 0
weapon_xm1014 174.009 -1972.93 -207.969 -27.9657 72.9602 0
weapon_m16 171.508 -1900.01 -255.969 -26.1658 47.373 0
ammo_9mmclip 194.3 -1916.35 -207.969 0 34.129 0
ttt_playerspawn 323.827 -1874.04 -299.969 0 -0.505371 0
ttt_playerspawn 420.622 -1431.68 -243.969 0 -2.02148 0
ammo_9mmclip 300.876 -1498.29 -263.969 0 179.852 0
ammo_9mmclip 300.952 -1469.06 -263.969 0 179.852 0
ammo_buckshot 301.2 -1395.43 -263.969 0 171.584 0
ammo_9mmclip 295.202 -1434.32 -263.969 0 171.277 -0
ammo_buckshot 296.983 -1417.7 -263.969 0 120.613 0
ttt_random_ammo 288.031 -1349.42 -215.969 0 -96.6248 0
ttt_random_ammo 306.872 -1322.5 -215.969 0 -169.382 0
ttt_random_weapon 654.453 -1355.65 -263.969 -28.0627 2.86194 0
ttt_random_weapon 660.545 -1499.43 -263.969 -28.5864 -1.87317 0
weapon_m16 1151.24 -1891.51 -281.499 -28.2587 -64.0009 0
ttt_random_weapon 1369.1 -1493.15 -319.969 -29.6008 81.8921 0
ammo_357 1103.67 -1189.34 -271.969 0 160.351 0
ammo_9mmclip 1049.14 -1175.9 -255.969 0 95.3723 0
ammo_buckshot 1041.83 -1085.63 -203.969 0 -146.536 0
ammo_buckshot 1063.63 -1102.49 -203.969 0 -171.42 0
ttt_playerspawn -648.545 -793.053 -299.969 0 176.979 0
ttt_playerspawn -1199.21 -654.39 -299.969 0 -7.76184 0
weapon_scout 737.493 -1542.59 -79.9688 -29.6649 -88.9948 0
weapon_scout 1303.29 -1219.93 -159.969 -29.6649 49.9329 0
ttt_random_ammo 1199.9 -911.032 -143.969 0 -89.4232 -0
ttt_random_ammo 1142.97 -959.086 -143.969 0 -88.3795 0
ttt_random_weapon 1163.13 -824.383 -143.969 -29.6649 112.104 0
ttt_playerspawn 723.887 -906.001 -123.969 0 179.456 0
ttt_random_ammo 888.959 -346.409 -143.969 0 -171.584 0
ttt_playerspawn 661.443 -500.682 -123.969 0 90.2747 0
ttt_playerspawn 43.4338 -543.124 -123.969 0 89.6045 0
ammo_smg 353.778 -423.869 -143.969 0 1.92261 0
ttt_playerspawn -122.352 -1087.65 -187.969 0 62.0123 0
ttt_random_ammo -121.155 -716.506 -263.969 0 166.207 -0
ttt_random_ammo -71.2712 -728.755 -263.969 0 166.207 -0
weapon_deagle -342.304 -859.645 -263.969 -29.4049 -178.748 0
weapon_xm1014 -360.775 -726.572 -263.969 -28.1616 176.874 0
ttt_random_ammo -252.225 -721.118 -263.969 0 -116.411 0
ttt_random_ammo -261.258 -858.544 -263.969 0 -38.54 0
ttt_playerspawn -1202.98 -408.895 -299.969 0 -43.3411 0
ttt_playerspawn -1230.71 -83.2536 -299.969 0 11.4368 0
ttt_playerspawn -1237.7 287.284 -299.969 0 -2.82349 0
ttt_playerspawn -1205.08 -1006.32 -299.969 0 -88.1982 0
ttt_playerspawn -772.939 729.967 -123.969 0 -38.8916 0
ttt_playerspawn -825.501 561.36 -123.969 0 13.1451 0
ttt_playerspawn -805.025 490.205 -123.969 0 31.6846 0
ttt_random_weapon -310.228 496.683 -121.969 -28.5681 33.4479 -0
weapon_glock -272.008 426.146 -143.969 -29.6649 88.2422 0
weapon_mac10 -282.969 581.038 -143.969 -29.6338 -1.37878 0
ttt_random_weapon -312.991 660.745 -121.969 -27.3102 25.5322 0
ttt_random_ammo -387.083 591.198 -117.969 0 178.495 0
ttt_playerspawn -889.471 251.97 -123.969 0 -1.49414 0
weapon_firenade -747.177 121.612 -111.969 -27.7368 -8.60229 0
weapon_firenade -746.283 127.541 -111.969 -27.7368 -8.55835 0
weapon_firenade -740.554 126.679 -111.969 -27.7368 -8.55835 0
weapon_firenade -739.034 120.042 -111.969 -27.7368 -8.55835 0
weapon_discombobulator -685.777 -7.65552 -111.969 -26.6565 -99.8712 0
weapon_discombobulator -692.743 -6.44346 -111.969 -26.9513 -96.9653 0
weapon_discombobulator -706.593 -0.555992 -111.969 -26.3617 -82.0953 0
weapon_discombobulator -689.434 10.4566 -107.969 -26.3617 -82.0953 0
ttt_playerspawn -516.155 -184.129 -123.969 0 99.8877 0
weapon_firenade -447.257 -112.031 -111.969 -26.9513 168.459 0
weapon_smokegrenade -416.093 -91.7206 -111.969 -23.8934 164.449 0
weapon_m16 -809.517 -287.969 -143.969 -29.6649 -91.1975 0
ttt_playerspawn -87.8804 106.863 -123.969 0 178.456 0
ttt_playerspawn 92.1126 297.258 -123.969 0 -91.9061 0
ttt_playerspawn 193.631 55.7178 -123.969 0 -2.37305 0
ttt_random_ammo 159.735 -95.4779 -143.969 0 -70.1532 0
ttt_random_ammo 129.56 -176.676 -95.9688 0 97.0587 0
ttt_random_ammo 162.333 -155.152 -95.9688 0 97.7344 -0
ttt_random_ammo 107.791 -160.388 -95.9688 0 90.3241 0
ttt_playerspawn -199.046 -503.008 -123.969 0 -0.900879 0
ttt_playerspawn 629.299 -273.003 -123.969 0 21.0004 0
ttt_playerspawn 597.933 -129.512 -123.969 0 -23.9612 0
ttt_random_weapon 746.024 -203.211 -107.969 -27.6215 -7.86072 0
ttt_random_weapon 751.026 -243.827 -107.969 -28.1946 -1.57654 0
ammo_smg 750.768 -127.455 -71.9688 0 -0.86792 0
ammo_buckshot 751.461 -146.24 -71.9688 0 9.81079 0
ammo_buckshot 745.525 -166.044 -71.9688 0 55.5579 0
weapon_deagle 536.058 38.9663 -79.9688 -27.4255 -95.1965 0
ammo_9mmclip 539.51 541.632 -143.969 0 -144.915 0
ammo_9mmclip 518.098 572.116 -143.969 0 -168.684 0
ammo_9mmclip 532.002 619.11 -143.969 0 -168.64 0
ammo_357 539.344 582.566 -143.969 0 -174.474 0
ammo_357 518.928 528.144 -143.969 0 -153.144 0
ttt_playerspawn 629.178 961.599 -123.969 0 -0.0769043 0
weapon_m16 1713.25 489.544 -121.969 -26.1163 -171.584 0
ttt_playerspawn 1187.69 559.969 -123.969 0 -41.1603 0
weapon_mac10 1429.75 376.372 -111.969 -27.3267 128.562 0
weapon_deagle 1411.36 325.219 -111.969 -27.3267 165.707 0
ttt_random_weapon 1549.24 394.808 -71.9688 -26.1823 58.7549 0
weapon_xm1014 1592.9 391.102 -143.969 -2.86194 46.4612 0
ttt_random_ammo 1591.7 328.969 -111.969 0 -1.15356 0
ttt_random_ammo 1608.04 287.79 -111.969 0 107.26 0
ammo_buckshot 1426.7 65.0454 -103.969 0 -92.1863 0
ammo_9mmclip 1320.66 66.5552 -103.969 0 -86.9733 -0
ammo_357 1246.25 64.0312 -103.969 0 -87.3193 0
ttt_playerspawn 1104.5 129.88 -123.969 0 21.9342 0
ttt_playerspawn 1053.69 -147.27 -123.969 0 -2.28516 0
ttt_playerspawn 1932.1 -148.377 -123.969 0 0.186768 0
ttt_random_ammo 2321.24 -337.36 -143.969 0 -70.7849 -0
ammo_357 1878.74 -541.673 -143.969 0 -9.31091 0
weapon_deagle 1798.6 -540.096 -143.969 -28.0298 -145.366 0
weapon_deagle 1725.88 -532.041 -143.969 -27.8339 -134.901 0
weapon_glock 1810.66 -108.396 -121.969 -29.5844 -1.41724 0
weapon_xm1014 1813.11 -172.174 -121.969 -29.469 7.69592 0
ttt_random_weapon 1343.52 -555.871 -95.9688 -26.2482 167.294 0
ammo_smg 1241.17 -98.7162 -143.969 0 48.7518 0
ammo_smg 1294.7 -99.1893 -143.969 0 -87.3413 0
ammo_smg 1289.88 -98.1459 -143.969 0 -91.615 0
ammo_9mmclip 1454.83 -179.059 -143.969 0 171.255 0
ttt_random_ammo -356.07 -594.536 -159.969 0 -6.85547 0
ammo_762 1267.32 -1056.01 -319.969 0 11.9806 0
ammo_762 1187.26 -1050.03 -159.969 0 -0.247192 0
ttt_random_weapon -741.259 193.01 -351.969 -28.5187 176.276 0
