ttt_playerspawn -244.7 -598.581 292.031 0 168.832 0
ttt_playerspawn -650.33 -392.97 260.031 0 31.6626 0
ttt_playerspawn -194.486 201.589 164.031 0 3.8562 0
ttt_playerspawn 464.365 640.505 164.031 0 72.4438 0
ttt_playerspawn 209.142 1323.46 36.0312 0 113.027 0
ttt_playerspawn 606.087 1812.35 164.031 0 -85.6824 0
ttt_playerspawn 588.205 1741.72 292.031 0 111.764 0
ttt_playerspawn 315.23 1760.61 292.031 0 176.325 0
ttt_playerspawn -573.269 2055.91 96.1943 0 -153.836 0
ttt_playerspawn -1153.14 2055.26 228.031 0 -126.293 0
ttt_playerspawn -1179.6 1622.51 37.6292 0 -83.996 0
ttt_playerspawn -979.615 1113.93 36.0312 0 12.9639 0
ttt_playerspawn -189.04 1045.53 40.0312 0 -2.12036 0
ttt_playerspawn -374.732 1354.13 36.0312 0 6.13586 0
ttt_random_weapon 416.877 1286.5 8.03125 -10.199 -146.86 -0
ttt_random_weapon 51.8323 1350.72 8.03125 -8.75427 136.313 -0
ttt_random_weapon 602.014 1576.11 8.03125 -8.88611 30.2454 0
ttt_random_weapon 596.844 1839.15 8.03125 -4.15833 134.819 0
ttt_random_weapon 705.958 1622.81 264.031 -12.1692 -133.852 -0
ttt_random_weapon 410.59 1784.74 264.031 -11.4258 163.998 -0
ttt_random_ammo 620.65 1598.81 264.031 0 -138.851 0
ttt_random_ammo 601.618 1415.06 264.031 0 -62.8088 0
ttt_random_ammo 600.681 1859.15 136.031 0 -179.374 -0
ttt_random_ammo 283.195 1850.16 8.03125 0 -164.075 0
ttt_random_ammo 363.451 1745.16 8.03125 0 -10.7227 0
ttt_random_ammo 563.312 1735.89 8.03125 0 -57.0465 -0
ttt_random_weapon -141.758 1163.83 12.0312 -7.5293 -99.267 -0
ttt_random_weapon -32.0312 1106.86 12.0312 -14.8846 -149.958 0
ttt_random_ammo -177.7 995.82 12.0312 0 -104.749 -0
ttt_random_ammo -90.5285 1001.79 136.031 0 142.982 -0
ttt_random_ammo -201.068 1100.86 136.031 0 75.2234 -0
ttt_random_weapon 275.653 843.584 136.031 -4.02649 137.878 -0
ttt_random_weapon 330.024 989.458 136.031 -8.31665 5.42175 0
ttt_random_ammo 346.992 1127.07 136.031 0 -68.1757 -0
ttt_random_ammo 418.383 984.752 136.031 0 -120.608 -0
ttt_random_weapon 305.127 333.794 136.031 -7.57324 -145.635 0
ttt_random_weapon 262.998 -188.953 136.031 -7.13562 -156.577 -0
ttt_random_weapon -20.8444 -558.519 264.031 -7.61719 -133.286 -0
ttt_random_weapon -209.182 -339.529 264.031 -8.44849 72.8503 -0
ttt_random_weapon -323.137 -220.051 264.031 -4.85779 -34.1016 -0
ttt_random_ammo -238.237 -380.587 264.031 0 -111.967 -0
ttt_random_ammo -262.215 -446.588 264.031 0 -111.588 -0
ttt_random_ammo -602.866 -635.973 232.031 0 119.718 -0
ttt_random_weapon -917.509 -336.787 232.031 -7.96692 158.478 -0
ttt_playerspawn -1161.25 167.281 170.897 0 92.1533 0
ttt_random_ammo -1194.64 550.414 52.8284 0 73.515 -0
ttt_random_ammo -1175.77 767.45 8.03125 0 99.0692 -0
ttt_random_weapon -1204.78 917.268 8.03125 -6.26038 75.0751 -0
ttt_playerspawn -1360.56 1358.39 100.031 0 13.634 0
ttt_playerspawn -1366.44 1045.38 100.031 0 -1.9281 0
ttt_random_weapon -808.624 1270.47 8.03125 -7.79114 0.472412 -0
ttt_random_weapon -564.792 1525.76 8.03125 -6.43433 -57.2992 -0
ttt_random_weapon -594.93 1311.16 8.03125 -8.40454 -92.1423 -0
ttt_random_ammo -613.476 1188.33 8.03125 0 -112.225 0
ttt_random_ammo -519.743 1179.48 8.03125 0 -80.5792 0
ttt_random_weapon -475.609 1351.19 144.031 -12.9584 -157.736 -0
ttt_random_ammo -582.99 1191.28 144.031 0 -52.9706 0
ttt_playerspawn -481.5 1367.04 172.031 0 92.4994 0
ttt_playerspawn -638.943 1505.12 172.031 0 175.336 0
ttt_playerspawn -250.435 1500.49 164.031 0 29.8938 0
ttt_playerspawn 108.669 1535.22 164.031 0 41.7206 0
ttt_random_weapon 304.496 1644.86 136.031 -6.04065 -6.3446 0
ttt_random_weapon 499.575 1477.37 136.031 -6.91589 -93.642 -0
ttt_random_ammo 76.2322 960.148 72.0312 0 -99.7833 -0
