setting: replacespawns 1
setting: replaceweapons 1
ttt_playerspawn -670.131 -1447.69 36.0312 0 24.7302 0
ttt_playerspawn 888 -1482.97 36.0312 0 145.322 0
ttt_playerspawn -1123.97 -1104.97 36.0312 0 47.9004 0
ttt_playerspawn -1042.75 -10.6693 40.4575 0 -3.46069 0
ttt_playerspawn -149.781 559.701 42.604 0 -67.6593 0
ttt_playerspawn 529.972 40.0278 266.347 0 -88.9618 0
ttt_playerspawn 582.465 -341.335 36.0312 0 116.532 0
ttt_playerspawn -245.666 -95.2096 60.0312 0 -89.0167 0
ttt_playerspawn 319.966 -279.283 60.0312 0 131.517 0
ttt_playerspawn 347.58 137.752 60.0312 0 -127.722 0
ttt_playerspawn 661.151 88.1664 36.0312 0 -142.388 0
ttt_playerspawn -427.249 7.18119 60.0312 0 -88.407 0
ttt_playerspawn 19.1926 134.216 60.0312 0 -88.5443 0
ttt_playerspawn -451.748 139.496 220.031 0 0.455933 0
ttt_playerspawn 313.201 74.5627 249.031 0 179.907 0
ttt_playerspawn 320.033 -206.001 244.031 0 -178.391 0
ttt_playerspawn -14.0307 39.4349 380.006 0 170.343 0
ttt_playerspawn 232.445 -213.805 380.031 0 91.0272 0
ttt_playerspawn 518.659 227.682 -187.969 0 -146.992 0
ttt_playerspawn 514.99 -3.36377 -187.969 0 143.135 0
ttt_playerspawn 98.2197 -9.30166 -187.969 0 34.184 0
ttt_playerspawn 110.177 -1365.02 -187.969 0 133.901 0
ttt_playerspawn -172.712 -1483 36.0312 0 84.6387 0
ttt_playerspawn -13.6527 -1022.06 36.0312 0 90.368 0
ttt_playerspawn 1198.97 -1108.97 37.7615 0 135.824 0
ttt_playerspawn 1168.87 25.8625 44.9216 0 175.858 0
ttt_playerspawn 1198.97 603.969 38.5797 0 -144.388 0
ttt_playerspawn -1119.97 603.969 39.5117 0 -50.8008 0
ttt_playerspawn -32.5049 -143.159 60.0312 0 -1.78528 0
ttt_playerspawn -141.786 173.969 60.0312 0 -90.8624 0
ttt_playerspawn -446.645 -31.9688 220.031 0 30.7562 0
ttt_playerspawn 142.248 120.969 220.031 0 112.094 0
ttt_playerspawn 134.031 -244.06 220.031 0 -169.898 0
ttt_playerspawn -230.593 -80.0312 220.031 0 -87.1161 0
ttt_playerspawn -270.328 -319.969 220.031 0 -92.5818 0
ttt_random_weapon -693.969 -1363.25 8.03125 -29.6649 176.418 0
ttt_random_weapon -689.91 -1298.41 8.03125 -29.3225 179.368 0
ttt_random_weapon 833.464 -1256.95 8.03125 -21.1121 -4.44397 0
ttt_random_weapon 832.023 -1355.09 8.03125 -22.0459 -4.36707 0
ttt_random_weapon 84.7111 -877.933 -215.969 -7.60437 89.3353 -0
ttt_random_weapon 412.323 -127.724 -215.969 -14.458 89.577 0
ttt_random_ammo 380.097 84.9688 -181.969 0 79.3597 0
ttt_random_ammo 382.217 127.618 -181.969 0 114.851 0
ttt_random_ammo 335.12 135.304 -181.969 0 -163.334 0
ttt_random_ammo 328.841 94.079 -181.969 0 -96.9324 0
ttt_random_ammo 282.592 86.8495 -181.969 0 57.6562 0
ttt_random_ammo 268.669 130.152 -181.969 0 -5.28992 -0
ttt_random_weapon 243.967 251.438 -191.969 -26.4111 93.8232 0
ttt_random_weapon 174.718 247.862 -191.969 -26.4441 88.2202 0
ttt_random_weapon -448.983 154.986 32.0312 -29.0442 -154.391 0
ttt_random_weapon -283.379 -31.1292 70.0312 -29.3719 -57.9254 0
ttt_random_weapon -324.882 -27.9703 70.0312 -29.306 -94.1638 0
ttt_random_weapon -391.541 -31.9688 70.0312 -29.306 -89.3628 0
ttt_random_ammo -52.4755 -22.5599 81.0312 0 -99.3274 0
ttt_random_ammo -19.9688 -27.3885 57.0312 0 -98.6188 0
ttt_random_ammo -91.0312 -27.2734 57.0312 0 -50.3558 0
ttt_random_weapon 218.465 -312.05 66.0312 -29.3225 -1.99402 0
ttt_random_ammo 203.109 -117.458 70.0312 0 -3.78479 0
ttt_random_ammo 204.493 -58.7775 70.0312 0 -0.983276 0
ttt_random_ammo 206.1 -7.94066 70.0312 0 -0.252686 0
ttt_random_ammo 236.752 11.6861 70.0312 0 -91.8622 0
ttt_random_ammo 262.625 -8.50774 70.0312 0 -80.9033 0
ttt_random_ammo 263.9 -58.8876 70.0312 0 -92.6422 0
ttt_random_ammo 261.848 -112.787 70.0312 0 -84.1168 0
ttt_random_weapon 120.395 175.969 32.0312 -29.339 -49.7131 0
ttt_random_weapon 183.802 116.292 64.0312 -29.6649 -14.7217 0
ttt_random_weapon -121.253 -131.45 32.0312 -18.8562 92.6697 0
ttt_random_weapon -335.564 -142.225 32.0312 -17.9242 89.0936 -0
ttt_random_weapon -998.296 -895.856 23.472 -22.3389 5.75134 0
ttt_random_weapon -856.02 258.549 9.08674 -18.9551 67.2363 -0
ttt_random_weapon -314.883 240.581 72.0312 -9.35486 -2.53784 0
ttt_random_weapon -184.4 235.108 72.0312 -9.7467 1.66443 0
ttt_random_weapon 113.896 239.265 72.0312 -10.3857 1.21399 0
ttt_random_weapon 244.135 242.024 72.0312 -10.3857 1.21399 0
ttt_random_ammo 1.54115 224.005 8.03125 0 -90.9009 -0
ttt_random_ammo -23.0325 244.043 8.03125 0 -91.2469 0
ttt_random_ammo -58.1446 239.754 8.03125 0 -45.3955 0
ttt_random_ammo 603.766 279.172 8.03125 0 -88.9453 0
ttt_random_ammo 551.285 284.602 8.4497 0 -93.1915 0
ttt_random_weapon 1014.98 -68.4131 8.35746 -7.37549 -93.9111 0
ttt_random_weapon 600.432 -291.414 8.03125 -21.4893 162.927 -0
weapon_scout 626.396 22.6698 240.031 -27.7533 -85.0671 0
ttt_random_weapon 363.412 -114.254 237.031 -28.0298 -9.28345 0
ttt_random_weapon 364.624 -285.42 237.031 -28.5205 -86.5887 0
ttt_random_ammo 97.3572 -231.771 229.031 0 -156.171 0
ttt_random_ammo 159.645 156.851 229.031 0 122.206 0
ttt_random_weapon 195.63 64.1683 192.031 -29.3719 -174.386 0
ttt_random_weapon -27.4863 156.946 216.031 -28.537 97.8552 0
ttt_random_weapon -227.539 -19.3677 216.031 -29.6649 170.381 0
ttt_random_weapon -428.337 10.3279 352.031 -19.2645 -87.215 0
ttt_random_weapon -368.24 12.558 352.031 -22.7655 -86.6656 -0
ttt_random_weapon -290.854 10.2996 352.031 -22.9944 -92.2632 -0
ttt_random_ammo -168.969 130.927 352.031 0 86.8195 0
ttt_random_ammo -136.931 125.216 352.031 0 120.064 0
ttt_random_ammo -115.232 102.157 352.031 0 114.077 0
ttt_random_ammo -106.391 133.668 352.031 0 51.6577 -0
ttt_random_ammo -167.969 102.178 352.031 0 31.701 0
ttt_random_weapon 224.986 165.664 352.031 -29.4525 92.3071 0
ttt_random_ammo 308.553 -6.76556 352.031 0 -17.3254 0
ttt_random_ammo 304.871 21.7885 352.031 0 -16.6992 -0
ttt_random_ammo 294.073 36.1885 352.031 0 -25.8948 0
ttt_random_ammo 147.647 -71.7064 352.031 0 -139.993 0
ttt_random_ammo 155.277 -34.0207 352.031 0 -144.591 0
ttt_random_ammo 140.09 -37.3841 352.031 0 -138.768 -0
ttt_random_weapon 141.107 -308.722 352.031 -20.116 172.447 0
ttt_random_weapon 308.525 -271.118 352.031 -18.2996 3.82324 0
ttt_random_weapon -43.6814 119.757 32.0312 -27.3926 -115.955 0
ttt_random_weapon 639.258 160.607 44.0312 -29.1595 94.1473 0
ttt_random_weapon 540.744 26.3128 81.0312 -26.4606 -90.6592 0
ttt_random_ammo 1021.4 -31.5508 9.89101 0 177.231 0
ttt_random_ammo 1003.54 -96.4683 10.2558 0 58.6066 0
ttt_random_ammo 991.156 -57.6598 9.33503 0 -15.6116 0
ttt_random_ammo 837.671 -1216.22 8.03125 0 -78.772 0
ttt_random_ammo 808.373 -1243.8 8.03125 0 -59.1394 0
ttt_random_ammo 835.845 -1279.79 8.03125 0 -94.0045 -0
ttt_random_ammo 827.824 -1336.89 8.03125 0 -117.746 -0
ttt_random_ammo 807.959 -1348.66 8.03125 0 -142.114 0
ttt_random_ammo 835.794 -1379.59 8.03125 0 170.645 0
ttt_random_ammo -676.416 -1391.03 8.03125 0 177.49 -0
ttt_random_ammo -662.713 -1369.08 8.03125 0 167.421 0
ttt_random_ammo -684.818 -1335.72 8.03125 0 176.622 -0
ttt_random_ammo -643.475 -1287.21 8.03125 0 176.622 0
ttt_random_ammo -680.495 -1265.45 8.03125 0 176.622 -0
ttt_random_ammo -681.673 -1317.71 8.03125 0 177.105 -0
ttt_random_ammo -974.459 -870.849 21.0565 0 -41.759 -0
ttt_random_ammo -992.403 -849.948 19.0377 0 -49.2242 0
ttt_random_ammo -986.908 -931.056 23.1908 0 -89.3573 -0
ttt_random_ammo -870.664 241.682 11.0136 0 16.7377 -0
ttt_random_ammo -818.751 259.631 11.4087 0 22.066 0
ttt_random_ammo -891.109 269.969 10.178 0 19.4733 -0
ttt_random_ammo -346.703 230.132 72.0312 0 6.24573 0
ttt_random_ammo -244.702 235.624 72.0312 0 1.65344 0
ttt_random_ammo -139.253 238.497 72.0312 0 1.72485 -0
ttt_random_ammo 86.9392 242.729 72.0312 0 -1.57654 -0
ttt_random_ammo 153.773 240.463 72.0312 0 -2.19177 0
ttt_random_ammo 275.934 237.079 72.0312 0 -1.04919 0
ttt_random_ammo 482.795 296.331 9.51601 0 -82.1228 0
ammo_762 629.913 38.1255 238.756 0 -112.379 0
ammo_762 611.977 0.0399244 236.707 0 -114.274 0
ttt_random_ammo 334.969 -83.6496 192.031 0 -11.1896 0
ttt_random_ammo 327.893 -119.421 192.031 0 -4.76807 0
ttt_random_ammo 298.692 -106.036 192.031 0 19.7644 0
ttt_random_ammo 334.969 -274.794 192.031 0 1.02173 0
ttt_random_ammo 332.643 -307.126 192.031 0 -4.16382 0
ttt_random_ammo 320.864 -288.707 192.031 0 -4.2627 -0
ttt_random_ammo 181.448 75.3955 192.031 0 -74.729 0
ttt_random_ammo 189.166 45.5158 192.031 0 -75.1245 -0
ttt_random_ammo 217.014 70.5723 192.031 0 -75.5695 0
ttt_random_ammo -205.732 -21.0023 216.031 0 -172.98 0
ttt_random_ammo -243.998 -21.0023 216.031 0 -175.847 0
ttt_random_ammo -46.3164 156.958 216.031 0 -96.3446 0
ttt_random_ammo 17.5684 149.855 216.031 0 -105.101 -0
ttt_random_ammo -330.455 16.4311 352.031 0 -61.6333 -0
ttt_random_ammo -392.425 19.1438 352.031 0 -94.0155 0
ttt_random_ammo 183.042 148.514 352.031 0 68.4613 -0
ttt_random_ammo 308.532 -224.511 352.031 0 -79.4257 0
ttt_random_ammo 149.114 -286.682 352.031 0 145.739 -0
ttt_random_weapon -327.551 -91.339 211.031 -25.0378 12.2388 0
ttt_random_weapon -100.523 -96.0907 211.031 -28.8153 12.7606 0
ttt_random_ammo -339.799 -114.031 192.031 0 88.9948 0
ttt_random_ammo -309.204 -115.07 192.031 0 88.0554 0
ttt_random_ammo -279.333 -116.084 192.031 0 88.0554 0
ttt_random_ammo -124.449 -120.165 192.031 0 88.429 0
ttt_random_ammo -100.842 -120.795 192.031 0 88.4729 0
ttt_random_ammo -71.1133 -121.586 192.031 0 88.5168 0
ttt_random_ammo -301.736 -31.9688 70.0312 0 179.907 0
ttt_random_ammo -326.136 -31.9954 70.0312 0 -169.827 0
ttt_random_ammo -383.905 -31.9998 70.0312 0 -179.291 0
ttt_random_ammo -391.989 -8.06211 32.0312 0 -111.605 0
ttt_random_ammo -27.0963 121.74 32.0312 0 -59.5953 0
ttt_random_ammo -30.9782 109.031 32.0312 0 -127.628 0
ttt_random_ammo -56.0562 109.031 32.0312 0 -115.615 0
ttt_random_ammo -409.24 163.882 32.0312 0 -176.957 -0
ttt_random_ammo -409.322 178.969 32.0312 0 -179.626 0
ttt_random_ammo -433.206 178.813 32.0312 0 -179.626 -0
ttt_random_ammo 221.664 159.19 65.0312 0 132.797 0
ttt_random_ammo 129.917 100.822 56.0312 0 38.4631 0
ttt_random_ammo 671.973 152.479 44.0312 0 100.371 -0
ttt_random_ammo 621.769 146.079 44.0312 0 97.6025 -0
ttt_random_ammo 584.432 141.398 44.0312 0 76.2012 -0
ttt_random_ammo 569.168 36.6703 81.0312 0 -151.595 0
ttt_random_ammo 530.815 6.58481 81.0312 0 -144.575 0
ttt_random_ammo 568.177 -7.36393 81.0312 0 89.5221 0
ttt_random_ammo 254.309 -291.975 32.0312 0 -94.5209 -0
ttt_random_ammo 235.372 -290.478 32.0312 0 -94.5209 0
ttt_random_ammo 210.405 -288.504 32.0312 0 -94.5209 0
ttt_random_ammo -207.543 -108.521 32.0312 0 86.9788 0
ttt_random_ammo -185.123 -109.704 32.0312 0 86.9788 0
ttt_random_ammo -243.307 -114.365 32.0312 0 86.6052 0
ttt_random_ammo -240.348 -95.1778 32.0312 0 79.2389 -0
weapon_smokegrenade 320.725 -165.391 32.0312 -24.0894 0.20874 0
weapon_firenade -463.969 57.8771 32.0312 -29.6649 -178.841 0
