setting: replacespawns 1
setting: replaceweapons 1
ttt_playerspawn 1157.79 -1282.71 228.031 0 153.567 0
ttt_playerspawn 769.813 -1212.22 228.031 0 -23.7524 0
ttt_playerspawn -182.995 -1259.51 228.031 0 19.4843 0
ttt_playerspawn -411.8 -1056.11 -259.969 0 13.3154 0
ttt_playerspawn -171.968 -1049.86 -411.969 0 97.1136 0
ttt_playerspawn 103.126 -303.613 -411.969 0 56.7883 0
ttt_playerspawn -510.935 429.906 324.031 0 173.979 0
ttt_playerspawn -47.3898 300.533 452.031 0 -26.4331 0
ttt_playerspawn -445.468 -494.584 348.031 0 22.9779 0
ttt_playerspawn 202.327 -1069.33 228.031 0 91.0657 0
ttt_playerspawn 333.343 -886.105 -91.9688 0 87.7094 0
ttt_playerspawn 208.33 -570.365 -227.969 0 43.9508 0
ttt_playerspawn 909.614 -403.77 -411.969 0 132.556 0
ttt_playerspawn 846.704 1567.96 -131.969 0 179.742 0
ttt_playerspawn 974.828 2026.76 -239.969 0 176.506 0
ttt_playerspawn 313.814 2456.12 -239.969 0 -132.336 0
ttt_playerspawn -357.285 1328.58 -411.969 0 -81.7383 0
ttt_playerspawn -1056.14 1178.17 -27.9688 0 -48.219 0
ttt_playerspawn -16.5726 1385.88 -11.9688 0 -36.8372 0
ttt_playerspawn 912.222 701.617 324.031 0 -176.836 0
ttt_playerspawn 912.028 1543.92 388.031 0 -171.156 0
ttt_playerspawn 1135.97 24.2189 -411.969 0 140.114 0
ttt_playerspawn 814.165 167.358 412.031 0 -56.0907 0
ttt_playerspawn -1363.11 603.433 -379.969 0 11.662 0
ttt_playerspawn 939.875 1103.87 -411.969 0 130.908 0
ttt_playerspawn 1166.5 1519.63 -411.969 0 -114.543 0
ttt_playerspawn 853.214 1701.17 -411.969 0 -117.878 0
ttt_playerspawn 218.623 1776.82 -411.969 0 -41.4349 0
ttt_playerspawn 585.326 1656.22 -671.969 0 178.77 0
ttt_random_weapon -307.791 424.866 296.031 -6.00037 4.61975 0
ttt_random_ammo -162.944 435.336 296.031 0 -0.697632 0
ttt_random_weapon 316.643 428.746 296.031 -9.7522 -106.688 0
ttt_random_ammo 51.0933 309.26 296.031 0 -64.3634 0
ttt_random_weapon 304.602 282.82 424.031 -9.34204 20.0995 0
ttt_random_weapon 860.323 222.065 384.031 -9.97925 -79.5905 0
ttt_random_ammo 962.307 -162.044 384.031 0 -87.3798 0
ttt_random_ammo 962.482 -41.0884 384.031 0 90.7471 0
ttt_random_weapon 1068.24 180.618 424.031 -8.41003 97.1741 0
ttt_random_ammo 1064.33 336.985 424.031 0 91.615 0
ttt_random_weapon 962.689 529.767 424.031 -6.72729 97.3773 0
ttt_random_ammo 974.952 813.663 424.031 0 92.3071 0
ttt_random_weapon 946.445 824.286 296.031 -8.66089 163.938 0
ttt_random_ammo 896.756 936.573 296.031 0 120.344 0
ttt_random_weapon 967.186 1616.42 360.031 -7.63733 107.183 0
ttt_random_ammo 956.58 1747.51 360.031 0 103.013 0
ttt_random_weapon 477.511 1871.13 628.031 -5.47852 -179.132 -0
ttt_random_ammo 235.36 1871.73 628.031 0 179.528 0
ttt_random_weapon 715.495 1664.1 -439.969 -7.63733 -179.116 0
ttt_random_weapon 910.492 1516.92 -439.969 -6.5918 -67.5659 -0
ttt_random_ammo 683.268 1423.77 -439.969 0 -125.217 0
ttt_random_weapon 787.509 1176.89 -439.969 -6.1377 -134.11 0
ttt_random_weapon 128.926 1176.9 -439.969 -6.09192 128.419 0
ttt_random_ammo 174.504 1435.8 -439.969 0 -3.38379 -0
ttt_random_ammo 566 1239.95 -439.969 0 -38.7817 0
ttt_random_weapon -164.765 1551.13 -439.969 -15.2527 -121.102 -0
ttt_random_weapon -190.914 1316.27 -439.969 -5.77332 -115.878 0
ttt_random_ammo -381.279 1224.73 -439.969 0 -103.365 0
ttt_random_weapon -762.3 1288.63 -439.969 -4.63623 -96.5259 0
ttt_random_weapon -1118.37 842.377 -439.969 -0.181274 -8.65723 0
ttt_random_ammo -1444.82 791.275 -439.969 0 -116.669 0
ttt_random_weapon -1338.1 113.904 -567.969 -3.22632 0.0549316 0
ttt_random_ammo -1099.62 112.783 -567.969 0 0.0549316 0
ttt_random_weapon -846.716 118.92 -567.969 -3.31787 2.93884 0
ttt_random_weapon -485.359 674.83 -631.969 -6.38672 86.6272 0
ttt_random_ammo -500.737 914.188 -631.969 0 97.0532 -0
ttt_random_weapon -278.098 1343.64 -599.969 -5.54626 80.4309 0
ttt_random_weapon -49.4075 1285.01 -311.969 -16.7303 83.7433 0
ttt_random_ammo -28.7072 1295.37 -39.9688 0 84.4849 0
ttt_random_weapon -564.772 1149.8 -55.9688 -7.11365 -162.021 0
ttt_random_ammo -945.22 1198.37 -55.9688 0 -156.061 0
ttt_random_weapon -1338.77 721.039 -407.969 -12.5024 -105.205 0
ttt_random_ammo -1254.18 617.225 -407.969 0 -90.4175 -0
ttt_random_weapon 71.1264 -428.996 -439.969 -6.84265 -77.2723 0
ttt_random_weapon 322.672 22.54 -439.969 -5.65979 55.8105 0
ttt_random_ammo 249.071 -272.769 -439.969 0 -54.5526 0
ttt_random_weapon 339.615 -405.638 -439.969 -5.31921 -88.6871 0
ttt_random_ammo 615.452 -708.729 -439.969 0 -15.1831 -0
ttt_random_weapon 211.486 -699.311 -439.969 -5.61401 125.546 -0
ttt_random_ammo 403.696 -958.633 -439.969 0 68.4943 0
ttt_random_weapon 342.975 -1073.83 -119.969 -8.84216 104.744 0
ttt_random_ammo 41.9224 -1075.97 -119.969 0 133.511 -0
ttt_random_weapon -20.1768 -1067.46 200.031 -9.63867 51.3226 0
ttt_random_ammo 376.342 -1090.79 200.031 0 35.6067 0
ttt_random_weapon 791.37 -961.883 184.031 -7.59155 13.5242 -0
ttt_random_ammo 869.342 -1019.44 184.031 0 -40.3638 -0
ttt_random_weapon 851.354 -1293.84 200.031 -6.52405 11.0193 0
ttt_random_ammo 980.965 -1198 200.031 0 10.838 -0
ttt_random_weapon 1028.56 -1286.09 200.031 -6.86462 -2.17529 0
ttt_random_weapon 130.051 -1261.32 200.031 -3.75 94.812 0
ttt_random_weapon 496.552 -1246.76 200.031 -4.84131 25.9277 0
ttt_random_weapon -364.436 -717 320.031 -6.95618 77.8876 0
ttt_random_weapon -322.647 -505.562 320.031 -6.93237 82.348 0
ttt_random_ammo -301.281 -356.563 320.031 0 76.9043 -0
ttt_random_ammo -189.916 -381.849 320.031 0 -75.8936 -0
ttt_random_weapon -730.141 247.57 392.031 -0.862427 -33.2776 0
ttt_random_ammo -561.326 247.434 392.031 0 3.46069 0
ttt_random_weapon 6.43081 -145.751 416.031 -9.5929 -75.6409 0
ttt_random_ammo -54.1251 -276.612 192.031 0 99.1241 0
ttt_random_weapon -5.85365 -615.156 96.0312 -6.79688 81.98 0
ttt_random_weapon 174.651 -805.092 -119.969 -7.18323 15.1007 0
ttt_random_weapon 319.739 -607.367 -255.969 -8.75061 127.639 0
ttt_random_ammo 634.052 -512.53 -343.969 0 4.20776 0
ttt_random_weapon 901.9 -91.7842 -439.969 -4.81934 -177.27 0
ttt_random_ammo 544.739 -139.384 -439.969 0 81.189 0
ttt_random_weapon 403.238 599.73 -439.969 2.99927 175.336 0
ttt_random_ammo 93.1356 580.25 -439.969 0 163.949 0
ttt_random_weapon 819.01 794.592 -439.969 -3.93127 -113.648 0
ttt_random_weapon 447.703 1671.48 -699.969 -4.93286 149.919 0
ttt_random_ammo 593.535 1777.99 -699.969 0 -50.4602 -0
ttt_random_ammo 573.765 1540.26 -699.969 0 175.133 -0
ttt_random_weapon 954.104 1653.71 -699.969 -5.97839 14.6887 0
ttt_random_weapon 848.973 1749.75 -167.969 -5.24963 -161.472 0
ttt_random_weapon 905.802 1688.37 24.0312 -8.13721 -46.3293 0
ttt_random_ammo 907.413 1796.81 136.031 0 171.519 0
ttt_random_weapon 898.567 1768.28 248.031 -3.09082 -106.952 0
ttt_random_weapon 857.35 2066.15 -439.969 -7.27295 6.55884 0
ttt_random_ammo 533.511 2072.23 -439.969 0 179.984 -0
ttt_random_weapon 304.803 2070.37 -439.969 -6.56982 -179.105 0
ttt_random_weapon 165.235 2403.91 -267.969 -2.77222 -160.543 0
ttt_random_ammo 264.127 2373.9 -267.969 0 78.9093 0
