setting: replacespawns 1
setting: replaceweapons 1
ttt_playerspawn 389.6 -561.634 -155.969 0 -44.3353 0
ttt_playerspawn 569.318 -727.264 108.031 0 130.792 0
ttt_playerspawn 386.762 -723.956 292.031 0 61.1884 0
ttt_playerspawn 296.824 -1334.8 740.031 0 69.6204 0
ttt_playerspawn 582.307 -1280.66 292.031 0 95.5371 0
ttt_playerspawn 454.364 -885.865 1.4899 0 -91.626 0
ttt_playerspawn 408.765 -1379.59 -307.969 0 -157.269 0
ttt_playerspawn 491.118 -1977.52 -43.9688 0 177.671 0
ttt_playerspawn -281.215 -2074.73 -59.9688 0 47.5653 0
ttt_playerspawn -447.232 -269.001 36.0312 0 89.1815 0
ttt_playerspawn -446.054 643.788 -91.9688 0 -3.0542 0
ttt_playerspawn -397.351 1855.22 4.03125 0 90.9723 0
ttt_playerspawn 557.761 1831.69 4.03125 0 95.6799 0
ttt_playerspawn 456.713 1863.21 4.03125 0 61.6882 0
ttt_playerspawn 540.107 1987.13 4.03125 0 -145.234 0
ttt_playerspawn 278.916 1159.28 48.0312 0 -94.7791 0
ttt_playerspawn 267.795 1054.99 48.0312 0 78.9587 0
ttt_playerspawn 556.541 657.235 -139.969 0 -171.738 0
ttt_playerspawn 569.576 1043.14 -139.969 0 -140.147 0
ttt_playerspawn 412.733 1284.12 -139.969 0 -95.191 0
ttt_playerspawn -478.703 -291.86 -315.969 0 100.486 0
ttt_playerspawn -564.622 161.606 -315.969 0 -47.7905 0
ttt_playerspawn -576.143 -4.24921 -189.969 0 55.849 0
ttt_playerspawn -603.196 -1030.96 308.031 0 35.6287 0
ttt_playerspawn -534.122 -1069.37 500.031 0 50.614 0
ttt_playerspawn -244.137 -584.754 -75.9688 0 -125.272 0
ttt_playerspawn -196.213 -987.91 -75.9688 0 135.912 0
ttt_playerspawn 46.6216 1306.22 580.031 0 -82.7051 0
ttt_playerspawn 575.157 1234.42 564.031 0 -149.524 0
ttt_playerspawn -2.02793 372.679 580.031 0 -35.343 0
ttt_playerspawn -374.106 -366.923 644.031 0 65.2423 0
ttt_playerspawn 159.875 -63.5545 580.031 0 137.785 0
ttt_random_weapon -248.617 1932.08 -247.969 -4.90906 175.583 0
ttt_random_weapon -492.149 1937.38 -247.969 -4.56848 179.747 -0
ttt_random_ammo -375.575 1928.1 -247.969 0 11.1676 0
ttt_random_ammo -340.258 1801.19 -23.9688 0 -176.396 0
ttt_random_ammo -445.814 1801.58 -23.9688 0 172.101 -0
ttt_random_weapon -404.162 1977.79 -23.9688 -14.5477 70.9607 0
ttt_random_weapon -821.753 2567.35 120.031 -11.1383 79.3488 0
ttt_random_weapon -552.919 2452.44 120.031 -6.31897 4.50439 0
ttt_random_weapon -365.792 2459.65 120.031 -7.88818 -3.35632 -0
ttt_random_ammo -175.281 2456.22 120.031 0 -0.252686 0
ttt_random_weapon -123.991 2233.15 872.031 -5.86487 -144.25 0
ttt_random_weapon -325.705 2212.86 872.031 -11.1603 174.172 0
ttt_random_ammo 62.107 2033.73 872.031 0 -98.5913 -0
ttt_random_ammo 49.2115 1845.43 872.031 0 -93.1311 0
ttt_random_weapon 413.375 2197.9 600.031 -7.75085 29.1302 -0
ttt_random_weapon 558.341 2239.08 600.031 -10.0928 -10.5798 -0
ttt_random_ammo 480.245 2178.74 600.031 0 172.315 -0
ttt_random_ammo 372.387 2300.13 600.031 0 168.948 0
ttt_random_weapon -128.079 2226.64 529.017 -9.02344 -165.861 0
ttt_random_weapon -321.124 2180.46 492.821 -10.4333 178.539 -0
ttt_random_ammo -295.019 2257.37 497.716 0 8.23425 -0
ttt_random_ammo -161.509 2182.15 522.749 0 -0.461426 0
ttt_random_weapon 613.629 1950.67 -247.969 -8.32031 -165.46 -0
ttt_random_weapon 409.548 1946.8 -247.969 -8.20496 -178.665 -0
ttt_random_ammo 504.564 1950.06 -247.969 0 -177.874 -0
ttt_random_weapon 570.766 1915.93 -23.9688 -13.0261 -151.694 0
ttt_random_ammo 476.104 1938.78 -23.9688 0 12.6508 0
ttt_random_weapon 624.181 2363.11 -15.9688 -8.59314 -175.452 0
ttt_random_weapon 365.283 2352.53 -15.9688 -9.20654 -166.388 0
ttt_random_ammo 497.306 2362.02 -15.9688 0 -58.678 0
ttt_random_ammo 156.199 2455.53 120.031 0 179.89 0
ttt_playerspawn 272.679 2460.36 148.031 0 -89.2584 0
ttt_random_ammo 953.231 2556.85 120.031 0 -94.0375 0
ttt_random_weapon 73.4163 1040.99 8.03125 -11.1383 -81.167 0
ttt_random_weapon 364.287 777.98 8.03125 -8.13721 -151.155 -0
ttt_random_ammo 282.346 875.612 8.03125 0 136.813 0
ttt_random_weapon 123.033 470.12 8.03125 -10.3876 157.758 -0
ttt_random_ammo 98.4372 638.864 8.03125 0 102.107 -0
ttt_random_ammo 368.616 614.251 8.03125 0 4.55933 0
ttt_random_weapon 561.995 1364.93 -167.969 -9.40979 -71.7902 -0
ttt_random_weapon 474.555 916.066 -167.969 -9.25232 -61.7706 0
ttt_random_ammo 540.801 771.013 -167.969 0 -103.48 -0
ttt_random_ammo 512.884 1174.33 -167.969 0 49.1473 -0
ttt_random_ammo 321.644 1400.04 -167.969 0 -164.13 0
ttt_random_ammo 463.082 484.353 -167.969 0 -78.6127 0
ttt_random_weapon 568.233 279.659 -167.969 -10.2979 -124.052 -0
ttt_random_weapon -195.083 643.155 -343.969 -5.59204 84.0125 -0
ttt_random_ammo -184.029 804.118 -343.969 0 85.946 -0
ttt_random_ammo -178.204 961.788 -343.969 0 92.9443 0
ttt_random_weapon 219.576 1153.88 -343.969 -9.43359 -41.6656 -0
ttt_random_ammo 262.551 831.219 -343.969 0 -125.464 -0
ttt_random_ammo 241.578 694.676 -343.969 0 -100.514 -0
ttt_random_weapon -495.446 1672.43 -295.969 -6.09192 -0.269165 -0
ttt_random_ammo -312.44 1668.51 -295.969 0 -1.34033 0
ttt_random_weapon 390.582 1667.97 -295.969 -4.56848 1.64246 -0
ttt_random_ammo 647.066 1669.37 -295.969 0 -1.49414 -0
ttt_random_weapon -587.71 -205.108 -343.969 -6.36475 24.3951 0
ttt_random_weapon -559.031 35.4809 -343.969 -5.56824 89.1595 -0
ttt_random_ammo -473.433 297.667 -343.969 0 -103.178 -0
ttt_random_ammo -521.717 123.484 -343.969 0 -84.5398 0
ttt_random_ammo -479.711 -199.756 -343.969 0 -91.7688 -0
ttt_random_weapon -590.968 -521.985 -335.969 -9.50134 178.956 0
ttt_random_ammo -419.145 -524.634 -335.969 0 0.148315 0
ttt_random_ammo -306.378 -522.548 -335.969 0 -78.0304 0
ttt_random_weapon -200.9 -679.203 -343.969 -6.54602 -95.0262 0
ttt_random_weapon -205.303 -931.671 -343.969 -7.09167 -86.5063 0
ttt_random_ammo -195.634 -1089.21 -343.969 0 80.4694 0
ttt_random_ammo -194.705 -785.926 -343.969 0 91.4392 0
ttt_random_weapon 303.275 -899.447 -343.969 -6.18164 -5.09766 -0
ttt_random_weapon 672.818 -913.284 -343.969 -5.88684 -105.699 0
ttt_random_weapon 660.855 -1084.57 -343.969 -6.297 -87.7423 0
ttt_random_weapon 659.477 -1256.84 -343.969 -6.95618 -93.3618 -0
ttt_random_ammo 558.132 -1250.94 -343.969 0 156.259 -0
ttt_random_ammo 589.354 -984.061 -343.969 0 79.4476 -0
ttt_random_ammo 461.133 -879.76 -343.969 0 -102.101 -0
ttt_random_ammo 359.269 -1250.15 -343.969 0 -154.633 -0
ttt_random_weapon 362.863 -991.074 -211.969 -10.8435 50.9821 0
ttt_random_ammo 341.892 -1035.19 -211.969 0 -104.749 0
ttt_random_weapon 706.602 -1101.09 264.031 -9.22852 131.221 -0
ttt_random_weapon 640.723 -900.399 264.031 -13.1158 79.7498 -0
ttt_random_ammo 640.407 -1022.39 264.031 0 -91.4996 -0
ttt_random_weapon 476.906 -1045.98 264.031 -13.6157 -140.96 0
ttt_random_weapon 257.105 -1199.93 712.031 -8.95569 105.2 -0
ttt_random_ammo 412.774 -1142.66 712.031 0 43.5333 -0
ttt_random_ammo 450.592 -993.995 712.031 0 83.2434 -0
ttt_random_weapon 459.569 -869.388 712.031 -10.1385 95.2625 0
ttt_playerspawn -489.85 -412.219 -203.969 0 64.6985 0
ttt_random_weapon -470.953 -175.652 -231.969 -7.84241 -15.9961 0
ttt_random_ammo -352.752 -225.802 -231.969 0 169.728 0
ttt_random_weapon 250.952 -718.194 -343.969 -6.72729 59.2163 0
ttt_random_ammo 250.803 -592.213 -343.969 0 -13.8757 0
ttt_random_weapon 721.784 -357.067 -471.969 -7.56958 89.9725 0
ttt_random_ammo 721.975 -78.5583 -471.969 0 91.593 0
ttt_random_weapon -399.615 -1007.22 -103.969 -4.29565 30.4156 0
ttt_random_ammo -264.589 -1026.29 -103.969 0 -115.148 -0
ttt_random_ammo -411.384 -754.867 -103.969 0 104.431 -0
ttt_random_ammo -422.661 -557.104 -103.969 0 -31.4429 0
ttt_random_weapon -200.132 -683.845 24.0312 -10.3876 75.9595 0
ttt_random_weapon -302.455 -1178.8 -119.969 -10.7062 -103.304 -0
ttt_random_weapon -358.044 -1445.3 -117.969 -7.25098 -102.772 0
ttt_random_ammo -335.633 -1609.89 -119.969 0 -110.061 -0
ttt_random_ammo -396.336 -1316.23 -119.969 0 76.5527 0
ttt_random_ammo -579.427 -1278.55 -55.9688 0 97.9486 -0
ttt_random_ammo -573.034 -1497.76 -55.9688 0 -94.1089 0
ttt_random_ammo -561.274 -1915.59 -55.9688 0 92.6862 0
ttt_random_ammo -579.682 -2121.99 -55.9688 0 -84.6442 -0
ttt_random_weapon -440.572 -2325.96 -55.9688 -11.7059 35.9253 0
ttt_random_weapon -264.896 -1897.23 -87.9688 -10.0708 41.3031 -0
ttt_random_weapon -100.722 -1954.78 -87.9688 -11.3434 -67.489 0
ttt_random_ammo 3.58774 -2070.4 -87.9688 0 19.7095 0
ttt_random_ammo -5.27908 -1852.79 -87.9688 0 29.0698 -0
ttt_random_ammo 220.538 -1958.84 -87.9688 0 -92.5104 -0
ttt_random_weapon 1.57405 -2326.55 -55.9688 -9.84192 122.932 0
ttt_random_weapon 704.188 -1580.43 -55.9688 -6.79688 85.3143 0
ttt_random_ammo 690.62 -1998.75 -55.9688 0 -85.0177 0
ttt_random_ammo 183.833 -2334.68 104.031 0 179.429 -0
ttt_random_weapon -180.113 -1575.69 -343.969 -5.13611 88.5828 0
ttt_random_weapon 121.021 -1396.86 -343.969 -9.79797 -67.901 -0
ttt_random_weapon 573.667 -1526.05 -343.969 -10.7739 -144.25 0
ttt_random_weapon 578.634 -1628.57 -343.969 -11.5485 -161.598 -0
ttt_random_ammo 428.145 -1603.18 -343.969 0 174.551 0
ttt_random_ammo 181.882 -1587.4 -343.969 0 166.635 -0
ttt_random_ammo -118.945 -1427.52 -343.969 0 130.814 -0
ttt_random_weapon -254.422 -1607.18 1091.48 -10.9332 177.171 -0
ttt_random_ammo -372.584 -1430.54 1080.44 0 91.6919 -0
ttt_random_ammo -155.737 -1362.88 1076.21 0 -1.01624 0
ttt_random_weapon 56.4641 566.622 760.031 -14.5038 148.557 0
ttt_random_ammo 74.071 546.417 760.031 0 -57.2003 0
ttt_random_weapon 121.672 748.951 552.031 -10.5707 139.092 -0
ttt_random_weapon -10.7613 915.188 552.031 -10.7977 -173.969 0
ttt_random_ammo 178.077 927.963 552.031 0 -99.3549 -0
ttt_random_ammo 201.919 640.528 552.031 0 -96.5863 -0
ttt_random_weapon 157.099 358.389 552.031 -7.41028 -151.809 0
ttt_random_ammo -73.1955 290.983 552.031 0 121.267 -0
ttt_random_weapon 62.8241 67.581 552.031 -9.72839 -112.83 0
ttt_random_weapon -37.0001 -96.9036 552.031 -8.47778 -26.8945 0
ttt_random_ammo -48.581 76.1016 552.031 0 45.0714 -0
ttt_random_ammo 180.855 62.7149 552.031 0 -77.4921 -0
ttt_random_weapon -401.27 -62.1704 616.031 -8.27454 -144.432 0
ttt_random_ammo -430.171 -230.895 616.031 0 -96.2183 0
ttt_random_weapon 8.86123 1118.83 552.031 -7.29675 76.1957 0
ttt_random_ammo 160.525 1207.38 552.031 0 9.23401 0
ttt_random_weapon -62.5757 1251.79 552.031 -7.54578 -146.415 0
ttt_random_ammo 141.2 1081.68 552.031 0 115.236 -0
ttt_random_weapon 569.819 1146.17 536.031 -7.02393 121.75 0
ttt_random_weapon 584.36 1514.55 536.031 -5.27344 95.1086 0
ttt_random_ammo 485.057 1132.43 536.031 0 -132.429 -0
ttt_random_weapon 13.8314 2374.58 -7.96875 -8.43384 104.277 0
ttt_random_weapon -349.818 -1054.78 208.031 -11.1163 179.39 0
ttt_random_weapon -575.11 -918.52 280.031 -5.22766 80.4199 -0
ttt_random_weapon -545.787 -835.431 280.031 -7.13745 35.9088 -0
ttt_random_ammo -508.771 -892.577 280.031 0 -12.887 0
ttt_random_ammo -537.224 -1061.95 280.031 0 49.5319 0
ttt_random_weapon -566.686 -891.546 472.031 -8.97949 -70.6036 -0
ttt_random_ammo -404.351 -1043.27 472.031 0 -42.9456 0
ttt_random_ammo -465.18 -996.317 472.031 0 146.706 0
ttt_random_weapon 258.757 -548.028 264.031 -6.9104 86.3306 0
ttt_random_ammo 250.111 -697.117 264.031 0 46.2854 0
ttt_random_weapon 443.539 -561.387 264.031 -7.34253 -44.1431 0
ttt_random_ammo 575.24 -691.266 264.031 0 -108.281 -0
ttt_random_weapon 403.502 -556.268 80.0312 -11.5704 -149.398 0
ttt_random_ammo 378.988 -697.918 80.0312 0 -38.3148 0
ttt_random_weapon 484.437 -549.456 -183.969 -3.79578 -174.606 0
ttt_random_ammo 383.326 -701.205 -183.969 0 -107.298 0
ttt_random_weapon -851.553 409.543 -343.969 -1.56738 -118.658 0
ttt_random_weapon 919.009 2473.63 -39.9688 -3.09082 -55.8325 0
ttt_random_ammo -910.089 676.438 -39.9688 0 -132.034 0
ttt_random_weapon -769.025 1326.4 120.031 -8.11523 94.7406 0
ttt_random_ammo -776.54 1472.97 120.031 0 92.8674 -0
ttt_random_weapon -771.879 1920.15 120.031 -6.86462 90.4175 -0
ttt_random_ammo -772.146 2081.42 120.031 0 91.4447 0
ttt_random_ammo -802.869 2465.07 -39.9688 0 108.71 0
ttt_random_weapon -779.289 159.026 120.031 -7.50183 -89.7473 -0
ttt_random_ammo -775.999 -20.7763 120.031 0 -88.6981 0
ttt_random_weapon -777.911 -749.628 120.031 -7.13745 -90.4285 0
ttt_random_ammo -781.141 -918.147 120.031 0 -87.193 0
ttt_random_weapon -780.157 -1061.19 120.031 -7.66113 -89.7638 0
ttt_random_ammo -779.523 -1314.19 120.031 0 -89.6979 0
ttt_random_weapon -146.487 -2551.14 120.031 -9.86572 -2.30164 -0
ttt_random_ammo 175.988 -2556.02 120.031 0 1.30188 0
ttt_random_weapon 487.699 -2552.01 120.031 -9.50134 -0.181274 -0
ttt_random_weapon -353.942 -368.014 16.0312 -13.8043 144.371 0
ttt_random_weapon -548.417 -176.771 16.0312 -18.6218 7.86621 0
ttt_random_ammo -352.878 -176.092 16.0312 0 -143.86 0
ttt_random_ammo -532.111 -353.972 16.0312 0 -142.548 0
ttt_random_weapon -469.202 99.6392 -217.969 -8.13721 157.253 0
ttt_random_ammo -532.301 276.333 -217.969 0 82.1008 0
ttt_random_weapon -195.366 -146.792 -343.969 -4.88708 -109.457 0
ttt_random_ammo -194.017 -351.463 -343.969 0 -89.8572 0
ttt_random_weapon -122.252 262.287 -343.969 -6.22742 114.06 0
