setting: replacespawns 1
setting: replaceweapons 0
ttt_playerspawn 2028.71 195.57 -91.9688 0 -38.194 0
ttt_playerspawn 2231.63 319.448 -91.9688 0 -114.093 0
ttt_playerspawn 2562.42 -168.147 -91.9688 0 179.335 0
ttt_playerspawn 2513.56 -791.635 -75.9688 0 90.3076 0
ttt_playerspawn 2393.05 -568.939 100.031 0 -179.72 0
ttt_playerspawn 2367.5 -573.875 228.031 0 -178.792 0
ttt_playerspawn 1281.64 -796.359 220.031 0 93.642 0
ttt_playerspawn -256.002 -790.074 164.031 0 30.5695 0
ttt_playerspawn 1097.02 -845.46 -75.9688 0 4.23523 0
ttt_playerspawn 1457.68 -850.414 -75.9688 0 109.567 0
ttt_playerspawn 1489.54 -516.28 60.0312 0 128.892 0
ttt_playerspawn -129.699 -113.551 -91.9688 0 -138.17 0
ttt_playerspawn -314.27 252.578 68.0312 0 -15.9412 0
ttt_playerspawn 41.5188 123.162 54.0173 0 -0.269165 0
ttt_playerspawn -321.866 813.546 -91.9688 0 -8.59131 0
ttt_playerspawn 67.0161 1279.1 -75.9688 0 -60.8752 0
ttt_playerspawn -192.383 1169.18 -75.9688 0 -91.5436 0
ttt_playerspawn -315.95 945.971 -54.9688 0 5.44373 0
ttt_playerspawn -291.807 1234.02 172.031 0 -42.7533 0
ttt_playerspawn -292.844 503.431 116.031 0 -1.96655 0
ttt_playerspawn -58.1798 30.5106 204.031 0 -12.4475 0
ttt_playerspawn -44.5003 -387.7 164.031 0 8.58032 0
ttt_playerspawn 472.308 -250.913 -91.9688 0 -178.951 0
ttt_playerspawn 590.503 771.209 60.0312 0 91.3788 0
ttt_playerspawn 478.351 365.561 76.0312 0 -112.923 0
ttt_playerspawn 608.039 30.9794 76.0312 0 -141.724 0
ttt_playerspawn 861.187 1130.65 -91.9688 0 -178.852 0
ttt_playerspawn 10.6316 1730.24 -75.9688 0 -179.385 0
ttt_playerspawn 1730.28 291.832 -67.9688 0 -109.896 0
ttt_playerspawn 1173.23 152.005 -75.9688 0 -89.7418 0
ttt_playerspawn 579.264 618.381 -91.9688 0 6.02051 0
ttt_playerspawn 842.764 1491.99 -91.9688 0 -174.177 0
ttt_random_weapon 853.978 635.67 -119.969 -7.41028 -175.298 0
ttt_random_ammo 700.903 642.319 -119.969 0 179.236 0
ttt_random_ammo 867.144 408.846 -119.969 0 -91.582 0
ttt_random_weapon 869.725 205.903 -119.969 -5.72754 -89.7363 0
ttt_random_weapon 991.97 255.373 -103.969 -7.84241 -81.6339 0
ttt_random_weapon 1331.14 54.8745 -103.969 -8.70667 -0.944824 0
ttt_random_ammo 1382.45 175.299 -103.969 0 89.9176 -0
ttt_random_ammo 1379.67 314.766 -103.969 0 92.4939 -0
ttt_random_weapon 989.843 159.662 72.0312 -7.86438 -89.6484 0
ttt_random_ammo 990.198 81.2085 72.0312 0 -89.6484 0
ttt_random_weapon 1239.67 60.0523 72.0312 -6.81885 -0.549316 -0
ttt_random_ammo 1360.78 60.2839 72.0312 0 -9.44275 -0
ttt_random_weapon 999.106 -70.5509 -103.969 -9.70642 3.76282 -0
ttt_random_ammo 1312.48 -63.2488 -103.969 0 2.03796 0
ttt_random_weapon 1490.15 114.907 -119.969 -6.9104 89.2035 -0
ttt_random_weapon 1739.67 205.678 -95.9688 -18.5266 172.145 0
ttt_random_ammo 1595.17 216.607 -95.9688 0 -10.9314 0
ttt_random_weapon 1898.39 248.686 -95.9688 -7.8186 -0.307617 0
ttt_random_weapon 2290.22 -86.0199 -119.969 -7.72888 -124.871 0
weapon_scout 2475 237.264 144.031 -15.5713 -129.864 0
ammo_762 2322.25 228.672 144.031 0 -157.418 0
ttt_random_weapon 2497.37 -442.691 -103.969 -9.20654 -167.327 0
ttt_random_ammo 2274.01 -453.523 -103.969 0 178.632 0
ttt_random_weapon 1987.06 -448.565 -103.969 -10.1147 -177.061 -0
ttt_random_ammo 1856.29 -643.61 -103.969 0 -102.761 0
ttt_random_weapon 1436.81 -667.907 192.031 -8.72864 144.234 0
ttt_random_ammo 1195.87 -656.395 192.031 0 177.336 -0
ttt_random_weapon 1103.35 -773.67 192.031 -10.0012 -135.005 -0
ttt_random_weapon 904.213 -706.763 136.031 -9.45557 157.863 0
ttt_random_ammo 843.369 -679.298 136.031 0 172.227 0
ttt_random_weapon 167.382 -786.709 136.031 -9.06921 169.222 -0
ttt_random_ammo 49.9191 -698.606 136.031 0 155.55 0
ttt_random_weapon -175.726 -615.01 136.031 -9.66064 121.196 -0
ttt_random_ammo -262.258 -421.179 136.031 0 77.7393 -0
ttt_random_weapon -255.559 45.5224 176.031 -10.2063 82.3315 -0
ttt_random_ammo -239.346 228.626 176.031 0 86.0889 0
ttt_random_weapon -115.91 465.958 88.0312 -10.3876 67.5549 -0
ttt_random_ammo -156.358 623.869 88.0312 0 92.3456 -0
ttt_random_weapon -122.896 987.419 144.031 -10.6604 72.6526 0
ttt_random_ammo -59.3829 1358.13 144.031 0 89.8022 -0
ttt_random_weapon -308.956 -243.528 -119.969 -7.84241 99.7778 0
ttt_random_ammo -316.403 -136.281 -119.969 0 95.3448 0
ttt_random_weapon -55.6616 201.068 -103.969 -7.15942 -86.0779 0
ttt_random_ammo -229.62 142.444 -103.969 0 -108.589 0
ttt_random_weapon -162.321 237.574 40.0312 -24.1425 -84.9463 0
ttt_random_ammo -53.229 254.18 40.0312 0 100.695 0
ttt_random_weapon -317.253 454.923 -103.969 -6.50024 82.4194 -0
ttt_random_ammo -305.614 597.54 -103.969 0 95.224 0
ttt_random_weapon -49.4004 797.118 -119.969 -7.27295 -4.19128 0
ttt_random_weapon 71.7702 1038.1 -103.969 -4.68201 -107.474 0
ttt_random_ammo 61.7562 939.588 -103.969 0 -77.3053 0
ttt_random_weapon -289.185 1041.69 -103.969 -9.45557 -3.18604 0
ttt_random_ammo -181.929 1333.4 16.0312 0 3.74084 0
ttt_random_weapon -240.11 1232.41 -71.9688 -16.3678 -32.2394 0
ttt_random_ammo -32.7512 1222.04 -103.969 0 -51.2128 0
ttt_random_weapon -204.466 1610.1 -103.969 -10.8197 71.2903 0
ttt_random_weapon -209.876 1716.34 -103.969 -10.4114 83.3972 0
ttt_random_weapon 792.153 1805.53 -119.969 -7.75085 -178.704 0
ttt_random_ammo 626.968 1802.11 -119.969 0 -179.324 -0
ttt_random_weapon 596.305 1441.02 -95.9688 -19.7314 159.472 0
ttt_random_ammo 737.158 1551.71 -87.9688 0 -75.8661 0
weapon_deagle 758.966 1386.14 -55.9688 -22.9376 178.385 0
ttt_random_weapon 486.066 932.638 -103.969 -10.1147 -96.6467 0
ttt_random_ammo 479.555 764.795 -103.969 0 -85.7483 0
ttt_random_weapon 756.107 968.219 -103.969 -7.29675 -7.19604 -0
ttt_random_ammo 723.586 961.453 32.0312 0 177.056 0
ttt_random_weapon 646.575 969.239 32.0312 -7.84241 -177.105 0
ttt_random_weapon 486.584 958.612 32.0312 -10.73 117.015 0
ttt_random_weapon 645.315 1133.08 -119.969 -5.86487 -8.90991 -0
ttt_random_ammo 814.757 786.662 164.698 0 -110.451 0
ttt_random_ammo 608.838 773.159 161.322 0 165.174 -0
ttt_random_weapon 594.249 497.572 184.031 -9.52515 -98.1079 0
ttt_random_weapon 725.027 79.8628 184.031 -8.41003 -91.3623 0
ttt_random_ammo 750.739 393.881 184.031 0 80.0739 -0
ttt_random_ammo 1002.93 293.224 200.031 0 -23.6426 -0
ttt_random_weapon 1297.61 87.116 200.031 -8.41003 -27.1198 -0
ttt_random_weapon 1329.71 299.577 200.031 -7.00012 47.7081 -0
ttt_random_ammo 1033.74 111.735 200.031 0 -166.619 -0
ttt_random_weapon 1598.99 243.324 78.5284 -10.1843 -81.4252 0
ttt_random_ammo 1884.23 113.558 91.6661 0 -23.1702 0
ttt_random_weapon 1881.37 293.719 92.6877 -6.81885 97.1466 0
ttt_random_ammo 1648.61 103.377 96.2506 0 -142.092 -0
ttt_random_weapon 1434.91 -524.064 -103.969 -4.00085 -176.682 0
ttt_random_ammo 1311.21 -530.439 -103.969 0 -178.281 -0
ttt_random_weapon 1087.31 -539.88 -103.969 -5.93262 177.858 -0
ttt_random_ammo 889.637 -523.73 -103.969 0 -173.293 0
ttt_random_weapon 961.345 -638.714 -103.969 -14.6393 -33.5742 0
ttt_random_weapon 1095.16 -772.255 -103.969 -9.79797 -83.9795 0
ttt_random_ammo 1290.61 -800.381 -103.969 0 4.96033 0
ttt_random_weapon 1477.61 -633.739 -103.969 -8.29651 176.32 0
ttt_random_ammo 1091.07 -642.196 32.0312 0 27.1582 0
ttt_random_weapon 1299.14 -627.213 32.0312 -7.00012 1.07117 -0
ttt_random_weapon 1321.94 -528.554 32.0312 -5.31921 172.639 -0
ttt_random_ammo 1119.97 -523.636 32.0312 0 -178.704 0
ttt_random_weapon 788.783 -514.687 16.704 -6.7511 -175.693 0
weapon_xm1014 818.839 -857.899 16.0312 -12.4567 -177.325 0
ammo_buckshot 875.25 -799.692 16.0312 0 -175.507 0
ttt_random_ammo 753.811 -742.703 -103.969 0 -80.332 0
ttt_random_weapon 558.326 -745.423 -119.969 -8.82019 -179.346 0
ttt_random_ammo 403.293 -749.875 -119.969 0 -178.561 -0
ttt_random_ammo 202.057 -744.765 -103.969 0 179.061 0
ttt_random_weapon 85.8691 -823.003 -103.969 -11.7059 179.225 -0
ttt_random_weapon -124.306 -768.824 -103.969 -18.5724 -176.457 0
ttt_random_ammo -191.653 -772.811 -103.969 0 -176.743 -0
ttt_random_weapon -143.723 -277.768 -71.9688 -14.6613 86.2701 0
ttt_random_weapon 64.6279 86.3973 18.4903 -9.52515 82.9578 0
ttt_random_weapon 253.163 -259.164 -55.9688 -6.72729 0.31311 0
ttt_random_ammo 261.775 -224.901 -119.969 0 -89.5166 -0
ttt_random_ammo 260.364 -305.542 -119.969 0 -91.8018 -0
ttt_random_weapon 46.3103 -546.435 -103.969 -7.11548 174.161 -0
ttt_random_ammo 243.976 -544.701 -103.969 0 -8.95386 -0
ttt_random_weapon 679.494 -673.189 -23.9688 -11.1841 -99.7229 0
ttt_random_weapon 709.92 -40.2901 -111.969 -4.93286 163.345 -0
ttt_random_ammo 514.438 250.908 -119.969 0 88.017 0
ttt_random_weapon 506.705 82.1538 -119.969 -7.41028 -93.3673 0
ttt_random_weapon 10.6459 408.778 -103.969 -9.25232 95.3778 0
ttt_random_ammo 8.7622 618.717 -103.969 0 92.1808 0
ttt_random_weapon 52.5038 -8.4669 -103.969 -5.09216 -22.5275 0
weapon_aug 2173.89 -155.254 -87.9688 -9.06921 169.667 0
ttt_random_weapon 2155.34 -442.449 45.9517 -15.0256 0.516357 0
ttt_random_weapon 2165.5 -788.94 200.031 -9.56909 158.67 0
ttt_random_ammo 2019.38 -613.203 200.031 0 123.937 -0
ttt_random_ammo 2224.26 -588.72 200.031 0 -172.755 0
ttt_random_weapon 1255 -528.012 152.037 -18.7079 14.5349 0
ttt_playerspawn 1098.34 -848.375 60.0312 0 92.8564 0
