setting: replacespawns 1
ttt_playerspawn 792.437 -3922.3 36.0312 0 116.378 0
ttt_playerspawn 164.832 -3540.12 36.0312 0 -97.3169 0
ttt_playerspawn 214.032 -3165.92 36.0312 0 92.6587 0
ttt_playerspawn 929.329 -2463.2 93.971 0 1.40625 0
ttt_playerspawn 1171.54 -3474.25 36.0312 0 90.2582 0
ttt_playerspawn 2811.78 -3273.11 303.227 0 125.469 0
ttt_playerspawn 2917.56 -3544.56 44.0312 0 -64.4788 0
ttt_playerspawn 3426.93 -2393.08 20.0312 0 176.611 0
ttt_playerspawn 3426.09 -2202.14 20.0312 0 -174.391 0
ttt_playerspawn 2895.16 -1261.31 36.0312 0 -101.382 0
ttt_playerspawn 3451.2 -911.328 36.0312 0 -86.358 0
ttt_playerspawn 1870.5 -959.338 52.0312 0 145.063 0
ttt_playerspawn 1321.53 -1224.59 36.0312 0 -91.2415 0
ttt_playerspawn -102.361 -1540.78 68.0312 0 -91.3129 0
ttt_playerspawn 724.262 -1156 172.031 0 141.68 0
ttt_playerspawn -795.414 -906.935 44.0312 0 143.24 0
ttt_playerspawn -1813.55 347.721 20.0312 0 84.2267 0
ttt_playerspawn -779.677 1112.48 36.0312 0 -153.463 0
ttt_playerspawn -57.7836 858.754 68.0312 0 89.7473 0
ttt_playerspawn 1960.38 341.611 68.0312 0 -69.9609 0
ttt_playerspawn 2694.8 301.017 80.0312 0 -132.193 0
ttt_playerspawn 3277.33 843.028 36.0312 0 96.1359 0
ttt_playerspawn 3018.54 2750.11 52.0312 0 163.35 0
ttt_playerspawn 2187.44 3283.25 36.0312 0 -92.1149 0
ttt_playerspawn 575.11 3193.93 36.026 0 -89.176 0
ttt_playerspawn 1455.97 2143.35 68.0312 0 179.951 0
ttt_playerspawn -209.791 2816.36 68.0312 0 82.8369 0
ttt_playerspawn -615.982 2954.44 36.0312 0 -90.4065 0
ttt_playerspawn -1391.92 3278.6 36.0312 0 -39.8859 0
ttt_playerspawn -1116.85 2460.8 180.031 0 -52.8113 0
ttt_playerspawn -621.126 993.333 36.0312 0 -3.16406 0
ttt_playerspawn -1805.6 2364.94 20.0312 0 -89.599 0
ttt_random_weapon -1002.76 2311.05 8.03125 -12.1161 -9.79431 0
ttt_random_ammo -856.511 2297.01 8.03125 0 144.646 0
ttt_random_ammo -759.289 2282.71 8.03125 0 -3.40027 0
ttt_random_weapon -527.161 2798.73 8.03125 -8.20496 -92.8619 0
ttt_random_ammo -527.415 2686.18 8.03125 0 -88.9618 0
ttt_random_ammo -526.815 2554.78 8.03125 0 -90.6207 -0
ttt_random_weapon -1114.84 3281.65 8.03125 -7.3645 22.6593 -0
ttt_random_ammo -956.102 3276.61 8.03125 0 0.917358 0
ttt_random_weapon -582.042 3229.63 8.03125 -11.7517 57.887 0
ttt_random_ammo -404.226 3315.69 8.03125 0 -6.27319 0
ttt_random_ammo -224.705 3306.54 8.03125 0 2.39502 0
ttt_random_ammo -352.912 2963.24 8.03125 0 1.21399 0
ttt_random_weapon -336.475 2837.09 40.0312 -19.0503 34.8981 0
ttt_random_ammo -179.85 2958.78 8.03125 0 -27.5977 -0
ttt_random_ammo 478.9 2954.57 8.03125 0 13.5681 0
ttt_random_ammo 480.863 3140.97 8.03125 0 90.813 0
ttt_random_weapon 173.147 3237.24 8.03125 -11.9348 -38.3203 0
ttt_random_weapon 571.095 2995.42 8.03125 -6.7511 -88.3466 0
ttt_random_ammo 671.094 2948.44 8.03125 0 87.8851 0
ttt_random_ammo 670.25 3208 8.03125 0 89.0936 -0
ttt_random_weapon 770.738 3196.07 8.03125 -7.3645 -88.9838 0
ttt_random_ammo 861.8 3144.87 8.03125 0 -85.166 0
ttt_random_weapon 1501.02 3105.26 8.03125 -5.61401 -19.248 0
ttt_random_ammo 1126.94 2819.27 8.03125 0 -89.7528 0
ttt_random_ammo 1307.93 2803.81 8.03125 0 -70.4608 -0
ttt_random_weapon 1090.23 2112.54 8.03125 -9.8877 -172.815 0
ttt_random_weapon 913.857 2223.97 16.0312 -17.6624 -102.404 0
ttt_random_ammo 1121.8 1918.54 7.66819 0 -20.1324 0
ttt_random_ammo 1404.4 1952.31 8.03125 0 -2.05444 -0
ttt_random_ammo 1690.74 2415.03 36.0312 0 -2.39502 0
ttt_random_ammo 1812.68 2410.54 36.0312 0 -1.40625 0
ttt_random_weapon 1912.46 2176.1 8.03125 -7.50183 -21.308 -0
ttt_playerspawn 2093.04 2460.33 52.0312 0 -88.3026 0
ttt_random_weapon 2189.82 2774.94 8.03125 -3.54492 89.1376 -0
ttt_random_ammo 1557.43 2770.3 8.03125 0 -92.406 0
ttt_random_ammo 1557.92 2513.85 8.03125 0 -87.4512 0
ttt_random_weapon 2364.7 3033.17 8.03125 -6.06812 -93.5486 0
ttt_random_weapon 3091.37 3022.57 57.0312 -5.95459 -38.0511 0
ttt_random_ammo 2984 3022.16 57.0312 0 -178.352 0
ttt_random_ammo 3180.89 3017.32 57.0312 0 -90.3516 -0
ttt_random_weapon 3105.93 2325.65 8.03125 -8.52356 -174.974 0
ttt_random_ammo 2858.09 2351.97 8.03125 0 -171.584 0
ttt_random_weapon 3107.85 1607.54 -7.96875 -5.22766 -108.193 -0
ttt_random_weapon 3455.99 955.817 8.03125 -5.86487 -171.887 0
ttt_random_ammo 3119.82 1089.94 8.03125 0 159.368 -0
ttt_random_weapon 2712.63 896.235 32.0312 -8.13721 151.337 0
ttt_random_ammo 1938.77 934.331 8.03125 0 -179.769 0
ttt_random_ammo 1821.81 932.255 8.03125 0 179.962 -0
ttt_random_weapon 2061.59 117.308 8.03125 -3.88733 -99.8932 -0
ttt_random_ammo 1923.1 -0.175565 8.03125 0 5.74585 0
ttt_random_ammo 2071.06 -52.6366 8.03125 0 -20.5994 0
weapon_knife 3360.58 239.969 -47.9688 -2.54517 -132.715 0
ttt_random_weapon 2609.26 310.16 52.0312 -10.3198 -141.949 0
ttt_random_ammo 2398.4 -12.4518 8.03125 0 -157.291 0
ttt_random_weapon 2860.08 -179.745 8.03125 -7.75085 -79.5245 0
ttt_random_ammo 2850.18 -396.252 8.03125 0 -88.5114 0
ttt_random_ammo 2069.86 -184.3 8.03125 0 -161.279 0
ttt_random_weapon 1594.03 -393.547 8.03125 -6.06812 175.056 -0
ttt_random_ammo 1464.93 -384.18 8.03125 0 178.017 0
ttt_random_weapon 1098.45 -171.244 8.03125 -5.13611 -179.066 0
ttt_random_ammo 759.336 -152.206 8.03125 0 -155.215 0
ttt_random_weapon 153.35 -436.37 8.03125 -6.38672 -170.37 0
ttt_random_ammo 73.1813 -212.672 8.03125 0 89.4781 -0
ttt_random_weapon -67.5517 293.842 8.03125 -9.27429 75.3113 0
ttt_playerspawn -507.621 -56.2106 36.0312 0 0.390015 0
ttt_random_weapon -1093.44 1177.96 8.03125 -8.63708 -95.603 0
ttt_random_ammo -1355.87 1035.67 8.03125 0 -151.705 -0
ttt_random_ammo -1368.8 1191.57 8.03125 0 81.2659 -0
ttt_random_weapon -992.21 847.237 8.03125 -10.3876 -7.91565 -0
ttt_random_weapon -763.043 220.06 8.03125 -6.27319 -101.832 0
ttt_random_weapon -1789.86 -121.053 -7.96875 -5.11414 -87.3962 0
ttt_random_weapon -1792.95 -352.205 -7.96875 -5.18188 -88.3356 0
ttt_random_ammo -1790.74 -594.215 -7.96875 0 -88.1323 0
ttt_playerspawn -1777.68 -941.321 20.0312 0 89.3188 0
ttt_random_weapon -866.133 -814.944 -47.9688 -6.38672 -123.124 -0
ttt_random_ammo -984.865 -819.327 -47.9688 0 163.185 -0
ttt_random_weapon -900.986 -444.663 40.0312 -4.79553 -88.5828 0
ttt_random_ammo -897.169 -553.622 40.0312 0 -87.5116 0
ttt_random_weapon -920.712 -546.297 132.031 -5.81909 108.946 -0
ttt_random_ammo -912.493 -383.804 132.031 0 59.458 -0
ttt_random_weapon -638.163 -588.337 8.03125 -4.43298 -88.2971 0
ttt_random_ammo -636.705 -877.043 8.03125 0 -89.4452 -0
ttt_random_ammo -645.699 -1144.65 8.03125 0 -86.1603 0
ttt_playerspawn -114.483 -676.979 85.0312 0 -91.3568 0
ttt_random_weapon -118.013 -966.406 16.0312 -9.61487 159.571 0
ttt_random_ammo -230.765 -918.342 16.0312 0 -171.898 0
ttt_random_weapon -406.61 -1275.89 8.03125 -17.1625 -92.5214 0
ttt_random_ammo -511.045 -1610.04 93.0312 0 -52.7509 -0
ttt_random_weapon 635.913 -1135.08 16.0312 -8.29651 -10.4095 0
ttt_random_ammo 743.167 -1136.33 16.0312 0 0.302124 0
ttt_random_weapon 1027.24 -611.717 8.03125 -4.86328 -127.771 0
ttt_random_ammo 867.963 -630.113 8.03125 0 178.412 -0
ttt_random_weapon 1924.96 -535.356 88.0312 -18.8672 -127.936 0
ttt_random_weapon 2277.46 -688.891 16.0312 -6.04614 84.6277 -0
ttt_random_ammo 2285.94 -601.054 16.0312 0 84.8694 0
ttt_random_weapon 3099.66 -692.906 8.03125 -5.70557 -37.8589 0
ttt_random_ammo 3360.35 -673.557 8.03125 0 -14.6777 -0
ttt_random_weapon 3497.08 -752.076 8.03125 -7.88818 -63.8251 -0
ttt_random_ammo 3505.95 -1407.78 8.03125 0 -97.608 -0
ttt_random_weapon 3490.27 -1542.87 8.03125 -6.68335 -93.9496 0
ttt_random_ammo 3272.57 -1852.5 8.03125 0 -120.806 -0
ttt_random_weapon 3232.62 -2284.15 -7.96875 -8.54736 -91.3458 0
ttt_random_weapon 3171.28 -2449.64 -7.96875 -10.274 177.567 -0
ttt_random_ammo 3010.07 -2329.47 -7.96875 0 102.244 -0
ttt_random_ammo 2857.32 -2363.67 -7.96875 0 -136.818 -0
ttt_random_weapon 3440.77 -3150.1 8.03125 -7.84241 -97.1686 -0
ttt_random_weapon 3483.2 -3934.49 8.03125 -8.88794 169.508 0
ttt_random_ammo 3358.16 -3908.53 8.03125 0 172.787 0
ttt_random_weapon 3051.61 -3556.09 16.0312 -7.27295 169.376 0
ttt_random_weapon 1914.71 -3507.44 16.0312 -7.61536 1.83472 0
ttt_random_ammo 2061.03 -3507.02 16.0312 0 -13.3759 0
ttt_random_weapon 1742.45 -3957.3 8.03125 -6.95618 -5.25146 0
ttt_random_ammo 2034.82 -3931.48 8.03125 0 -20.1215 0
ttt_random_weapon 1262.2 -3646.41 8.03125 -6.41052 163.048 -0
ttt_random_weapon 757.932 -3521.85 52.0312 -6.56982 167.228 0
ttt_random_ammo 646.172 -3512.27 52.0312 0 -167.36 0
ttt_random_weapon 211.981 -3742.65 8.03125 -6.27319 -172.079 -0
ttt_random_ammo 61.8419 -3838.96 8.03125 0 -122.668 -0
ttt_random_weapon -487.044 -3668.84 8.03125 -8.41003 171.442 0
ttt_random_ammo -603.808 -3685.28 8.03125 0 155.226 -0
weapon_handgrenade -1196.17 -3961.43 8.03125 -5.97839 48.4552 0
ttt_random_weapon -1144.49 -3629.33 52.0312 -9.50134 33.3765 -0
ttt_random_ammo -1229.52 -2987.4 8.03125 0 59.2163 0
ttt_random_ammo -1207.34 -2861.35 8.03125 0 93.0707 0
ttt_playerspawn -1829.79 -2745.84 20.0312 0 59.6722 0
ttt_random_weapon -1677.75 -2318.33 -7.96875 -7.27295 27.6306 -0
ttt_random_ammo -1505.33 -2271.33 -7.96875 0 -18.7811 -0
ttt_random_weapon -531.626 -2897.97 8.03125 -8.11523 -50.191 0
ttt_random_weapon -432.489 -2964.61 8.03125 -8.70667 -10.3546 -0
ttt_random_weapon 184.592 -2924.2 8.03125 -4.81934 50.5371 -0
ttt_random_ammo 230.806 -2782.84 8.03125 0 62.1442 -0
ttt_random_weapon 515.933 -3053.35 48.0312 -8.79639 -37.1283 0
ttt_random_weapon 1489.2 -3161.15 8.03125 -8.02368 -77.4976 0
ttt_random_ammo 1760.94 -3146.61 8.03125 0 -77.0306 0
ttt_random_weapon 1477.61 -2849.7 8.03125 -7.11548 102.75 0
ttt_random_ammo 1486.94 -2722.18 8.03125 0 85.9625 0
ttt_random_weapon 1516.62 -2309.68 -7.96875 -5.43274 29.328 -0
ttt_random_weapon 1592.65 -1590.07 8.03125 -8.04749 2.79602 0
ttt_random_ammo 1525.17 -1590.19 8.03125 0 1.97754 -0
ttt_random_weapon 1504.98 -1066.57 24.0312 -5.75134 81.3043 -0
ttt_random_weapon 1252.32 -696.271 8.03125 -3.02307 -108.847 0
ttt_random_ammo 1212.16 -1024 8.03125 0 -97.7234 -0
ttt_random_weapon 2531.04 -1803.89 8.03125 -5.75134 115.466 0
ttt_random_ammo 2392.45 -1795.21 8.03125 0 117.598 -0
ttt_random_weapon 2700.34 -1704.29 8.03125 -6.84265 23.0383 0
ttt_random_weapon 2800.04 -1124.7 8.03125 -6.54602 93.999 0
ttt_random_ammo 2795.25 -1033.07 8.03125 0 93.7079 0
ttt_random_weapon 2548.15 -815.835 8.03125 -6.15967 106.479 -0
ttt_random_ammo 2575.87 -607.609 8.03125 0 4.16382 -0
ttt_random_ammo 2626.89 -1000.45 32.0312 0 -178.193 -0
ttt_random_ammo 2462.1 -1000.04 32.0312 0 177.275 -0
ttt_random_weapon 3187.11 -2773.19 8.03125 -5.70557 172.354 0
ttt_random_weapon 2795.57 -2861.08 8.03125 -6.63757 179.297 -0
ttt_random_ammo 2625.98 -2830.31 8.03125 0 159.362 -0
ttt_random_weapon 1909.83 -2867.1 8.03125 -5.95459 158.758 -0
ttt_random_ammo 1689.26 -2760.75 8.03125 0 98.3167 -0
ttt_random_weapon 1015.17 -3080.68 8.03125 -11.3196 79.5795 0
ttt_random_weapon 690.303 -1792.21 8.03125 -7.45605 54.3494 -0
ttt_random_ammo 987.363 -1771.15 8.03125 0 -6.87195 0
ttt_random_weapon 798.161 -1535.9 24.0312 -9.72839 83.7817 0
ttt_random_ammo 654.305 -1523.21 8.03125 0 -176.325 0
ttt_random_weapon -178.019 -1850.03 8.03125 -4.24988 -3.7793 0
ttt_random_ammo 93.3341 -1892.88 8.03125 0 -18.4186 -0
ttt_random_weapon -86.4129 -2132.68 55.0312 -8.63708 -50.3998 0
ttt_random_weapon -909.412 -2448.98 121.031 -9.77417 -2.99927 0
ttt_random_weapon -989.787 -1527.45 16.0312 -8.72864 -29.9048 0
ttt_random_ammo -887.1 -1522.67 48.0312 0 -14.7327 0
ttt_playerspawn -871.266 -1820.57 36.0312 0 137.401 0
ttt_random_weapon -1410.43 -1195.84 8.03125 -11.228 -19.8193 0
ttt_random_ammo -1434.07 -1068.34 8.03125 0 18.1989 -0
